1771771757950 0.0005505216049382717 0
1771771779954 0.0010924991917438272 1
1771771801399 0.0016207240285493827 2
1771771823085 0.0016051126250000002 3
1771771844313 0.0015844835000000002 4
1771771865588 0.001563854375 5
1771771887222 0.0015432252500000002 6
1771771908537 0.001522596125 7
1771771929842 0.001501967 8
1771771951111 0.001481337875 9
1771771972388 0.00146070875 10
1771771993627 0.0014400796250000002 11
1771772014885 0.0014194505000000002 12
1771772036189 0.001398821375 13
1771772057457 0.00137819225 14
1771772078666 0.001357563125 15
1771772099990 0.0013369340000000001 16
1771772121211 0.001316304875 17
1771772142467 0.00129567575 18
1771772163689 0.001275046625 19
1771772184925 0.0012544175 20
1771772206176 0.001233788375 21
1771772227448 0.00121315925 22
1771772248675 0.001192530125 23
1771772269912 0.001171901 24
1771772291137 0.0011512718750000001 25
1771772312414 0.00113064275 26
1771772333570 0.001110013625 27
1771772354791 0.0010893845 28
1771772375998 0.001068755375 29
1771772397230 0.00104812625 30
1771772418483 0.001027497125 31
1771772439705 0.001006868 32
1771772460915 0.0009862388750000001 33
1771772482109 0.0009656097499999999 34
1771772503333 0.0009449806250000001 35
1771772524581 0.0009243515000000001 36
1771772545895 0.0009037223749999999 37
1771772567118 0.0008830932500000001 38
1771772588435 0.0008624641249999999 39
1771772609667 0.0008418350000000001 40
1771772630868 0.0008212058750000001 41
1771772652126 0.00080057675 42
1771772673337 0.0007799476250000001 43
1771772694559 0.0007593185 44
1771772715790 0.000738689375 45
1771772737004 0.00071806025 46
1771772758411 0.000697431125 47
1771772779712 0.0006768020000000001 48
1771772801113 0.000656172875 49
1771772822354 0.00063554375 50
1771772843665 0.0006149146250000001 51
1771772864897 0.0005942855 52
1771772886139 0.0005736563750000001 53
1771772907310 0.00055302725 54
1771772928474 0.000532398125 55
1771772949737 0.0005117690000000001 56
1771772970944 0.000491139875 57
1771772992278 0.00047051075000000003 58
1771773013485 0.000449881625 59
1771773034716 0.00042925250000000004 60
1771773055920 0.00040862337500000007 61
1771773077185 0.00038799425 62
1771773098353 0.000367365125 63
1771773119600 0.00034673599999999994 64
1771773140840 0.000326106875 65
1771773162006 0.0003054777500000001 66
1771773183203 0.00028484862500000003 67
1771773204416 0.00026421950000000006 68
1771773225653 0.00024359037499999998 69
1771773246923 0.00022296125 70
1771773267895 0.00020233212500000007 71
1771773288792 0.00018170299999999996 72
1771773309655 0.00016107387500000002 73
1771773330518 0.00014044474999999992 74
1771773351366 0.000119815625 75
1771773372234 9.918650000000008e-05 76
1771773393101 7.855737499999997e-05 77
1771773413985 5.792825000000004e-05 78
1771773434859 3.729912499999993e-05 79
