1771667486372 0.00014000000000000001 0
1771667487484 0.00029703 1
1771667488195 0.000450892 2
1771667488908 0.000601586 3
1771667489651 0.000749112 4
1771667490424 0.0008934700000000002 5
1771667491101 0.00103466 6
1771667491775 0.0011726820000000002 7
1771667492482 0.001307536 8
1771667493118 0.001439222 9
1771667493757 0.00156774 10
1771667494378 0.00169309 11
1771667495042 0.0017624 12
1771667495687 0.0017426 13
1771667496382 0.0017228 14
1771667497004 0.001703 15
1771667497650 0.0016832000000000001 16
1771667498277 0.0016634 17
1771667498949 0.0016436000000000003 18
1771667499688 0.0016238000000000001 19
1771667500369 0.0016040000000000002 20
1771667501058 0.0015842 21
1771667501747 0.0015644 22
1771667502436 0.0015446 23
1771667503119 0.0015248 24
1771667503797 0.0015049999999999998 25
1771667504466 0.0014852 26
1771667505135 0.0014654000000000002 27
1771667505805 0.0014456 28
1771667506478 0.0014258 29
1771667507469 0.001406 30
1771667508159 0.0013862 31
1771667508820 0.0013663999999999998 32
1771667509576 0.0013465999999999999 33
1771667510260 0.0013267999999999997 34
1771667510892 0.001307 35
1771667511558 0.0012872 36
1771667512188 0.0012674000000000001 37
1771667512807 0.0012476 38
1771667513432 0.0012278 39
1771667514178 0.001208 40
1771667514805 0.0011882000000000002 41
1771667515455 0.0011684000000000002 42
1771667516079 0.0011486 43
