1771942309917 1.19868 0
1771942331110 1.38659 1
1771942351402 1.4819 2
1771942371697 1.48416 3
1771942391319 1.48276 4
1771942410805 1.48202 5
1771942430253 1.45787 6
1771942449779 1.3997 7
1771942469226 1.41054 8
1771942488657 1.36889 9
1771942508265 1.37477 10
1771942527723 1.32679 11
1771942547219 1.32677 12
1771942566769 1.31157 13
1771942586194 1.29509 14
1771942605734 1.29754 15
1771942625151 1.26956 16
1771942644869 1.23668 17
1771942664452 1.22409 18
1771942683901 1.24623 19
1771942703377 1.22869 20
1771942722951 1.21513 21
1771942742484 1.22204 22
1771942761919 1.20919 23
1771942781339 1.19475 24
1771942801028 1.18607 25
1771942820494 1.1656 26
1771942840213 1.15944 27
1771942859723 1.17561 28
1771942879287 1.14222 29
1771942898738 1.13784 30
1771942918275 1.14684 31
1771942937778 1.12415 32
1771942957305 1.12699 33
1771942976864 1.12274 34
1771942996426 1.11087 35
1771943015928 1.10146 36
1771943035535 1.07309 37
1771943055361 1.10487 38
1771943075380 1.0873 39
1771943094934 1.09402 40
1771943114440 1.08606 41
1771943134095 1.06363 42
1771943153741 1.06075 43
1771943173498 1.05442 44
1771943193433 1.04991 45
1771943213695 1.02495 46
1771943233987 1.03161 47
1771943254227 1.02722 48
1771943274781 1.01064 49
1771943295250 1.02347 50
1771943315582 1.00909 51
1771943335766 1.00135 52
1771943356019 1.01736 53
1771943376374 0.98817 54
1771943396651 0.98952 55
1771943417067 0.98206 56
1771943437643 0.96954 57
1771943458114 0.97411 58
1771943478564 0.98022 59
1771943498676 0.97055 60
1771943518806 0.95886 61
1771943538948 0.97146 62
1771943559236 0.9485 63
1771943579458 0.9513 64
1771943599425 0.91749 65
1771943619512 0.94666 66
1771943639693 0.92123 67
1771943660247 0.9084 68
1771943680730 0.92501 69
1771943701254 0.89976 70
1771943721464 0.90339 71
1771943741691 0.88914 72
1771943762004 0.89841 73
1771943782286 0.90685 74
1771943802580 0.89989 75
1771943822831 0.8656 76
1771943843043 0.86186 77
1771943863435 0.8682 78
1771943883802 0.88022 79
1771943904230 0.85865 80
1771943924789 0.85378 81
1771943945164 0.85359 82
1771943965405 0.85752 83
1771943985671 0.84738 84
1771944005951 0.82978 85
1771944026504 0.83348 86
1771944047002 0.82125 87
1771944067301 0.83703 88
1771944087585 0.81471 89
1771944108085 0.77703 90
1771944128366 0.76704 91
1771944148460 0.74893 92
1771944168583 0.73934 93
1771944188642 0.73069 94
1771944208714 0.73664 95
1771944228850 0.72059 96
1771944249049 0.71423 97
1771944269141 0.72039 98
1771944289323 0.70674 99
