1771942309917 2.18185 0
1771942331110 1.78164 1
1771942351402 1.846 2
1771942371697 1.78874 3
1771942391319 1.70789 4
1771942410805 1.6713 5
1771942430253 1.62067 6
1771942449779 1.55231 7
1771942469226 1.51336 8
1771942488657 1.49652 9
1771942508265 1.47804 10
1771942527723 1.39813 11
1771942547219 1.4016 12
1771942566769 1.38694 13
1771942586194 1.34007 14
1771942605734 1.31673 15
1771942625151 1.33444 16
1771942644869 1.27501 17
1771942664452 1.268 18
1771942683901 1.25084 19
1771942703377 1.23714 20
1771942722951 1.20931 21
1771942742484 1.2113 22
1771942761919 1.19012 23
1771942781339 1.17521 24
1771942801028 1.17982 25
1771942820494 1.14703 26
1771942840213 1.11989 27
1771942859723 1.12999 28
1771942879287 1.10124 29
1771942898738 1.09791 30
1771942918275 1.09531 31
1771942937778 1.07703 32
1771942957305 1.06981 33
1771942976864 1.07034 34
1771942996426 1.05118 35
1771943015928 1.0407 36
1771943035535 1.00913 37
1771943055361 1.04416 38
1771943075380 1.01745 39
1771943094934 1.01064 40
1771943114440 0.99358 41
1771943134095 0.95557 42
1771943153741 0.99408 43
1771943173498 0.95407 44
1771943193433 0.95212 45
1771943213695 0.95378 46
1771943233987 0.94099 47
1771943254227 0.91522 48
1771943274781 0.90392 49
1771943295250 0.91049 50
1771943315582 0.89247 51
1771943335766 0.90148 52
1771943356019 0.90393 53
1771943376374 0.8734 54
1771943396651 0.85417 55
1771943417067 0.85171 56
1771943437643 0.8459 57
1771943458114 0.84097 58
1771943478564 0.86087 59
1771943498676 0.84515 60
1771943518806 0.82717 61
1771943538948 0.83255 62
1771943559236 0.82534 63
1771943579458 0.81221 64
1771943599425 0.78794 65
1771943619512 0.7948 66
1771943639693 0.77802 67
1771943660247 0.76629 68
1771943680730 0.77532 69
1771943701254 0.76553 70
1771943721464 0.75022 71
1771943741691 0.73228 72
1771943762004 0.74834 73
1771943782286 0.75432 74
1771943802580 0.74205 75
1771943822831 0.72673 76
1771943843043 0.71488 77
1771943863435 0.70109 78
1771943883802 0.72059 79
1771943904230 0.70008 80
1771943924789 0.6934 81
1771943945164 0.68753 82
1771943965405 0.68168 83
1771943985671 0.67914 84
1771944005951 0.66491 85
1771944026504 0.67451 86
1771944047002 0.6661 87
1771944067301 0.6727 88
1771944087585 0.64765 89
1771944108085 0.58992 90
1771944128366 0.5436 91
1771944148460 0.52534 92
1771944168583 0.51857 93
1771944188642 0.50668 94
1771944208714 0.51738 95
1771944228850 0.50266 96
1771944249049 0.49829 97
1771944269141 0.49344 98
1771944289323 0.47995 99
