1771942309917 1.32207 0
1771942331110 1.46894 1
1771942351402 1.55816 2
1771942371697 1.57142 3
1771942391319 1.55747 4
1771942410805 1.56469 5
1771942430253 1.5361 6
1771942449779 1.5075 7
1771942469226 1.49813 8
1771942488657 1.48785 9
1771942508265 1.48365 10
1771942527723 1.44687 11
1771942547219 1.45281 12
1771942566769 1.4501 13
1771942586194 1.42665 14
1771942605734 1.42814 15
1771942625151 1.41444 16
1771942644869 1.40017 17
1771942664452 1.38285 18
1771942683901 1.39827 19
1771942703377 1.37524 20
1771942722951 1.36372 21
1771942742484 1.37799 22
1771942761919 1.35814 23
1771942781339 1.3629 24
1771942801028 1.3612 25
1771942820494 1.33778 26
1771942840213 1.32034 27
1771942859723 1.33738 28
1771942879287 1.30651 29
1771942898738 1.3133 30
1771942918275 1.31881 31
1771942937778 1.30338 32
1771942957305 1.31052 33
1771942976864 1.30928 34
1771942996426 1.30029 35
1771943015928 1.28771 36
1771943035535 1.27863 37
1771943055361 1.294 38
1771943075380 1.27043 39
1771943094934 1.28298 40
1771943114440 1.26858 41
1771943134095 1.26208 42
1771943153741 1.26829 43
1771943173498 1.25597 44
1771943193433 1.24926 45
1771943213695 1.24216 46
1771943233987 1.23684 47
1771943254227 1.22616 48
1771943274781 1.22524 49
1771943295250 1.23572 50
1771943315582 1.21062 51
1771943335766 1.21978 52
1771943356019 1.22048 53
1771943376374 1.21592 54
1771943396651 1.20658 55
1771943417067 1.19442 56
1771943437643 1.1972 57
1771943458114 1.18566 58
1771943478564 1.21005 59
1771943498676 1.19348 60
1771943518806 1.18705 61
1771943538948 1.19393 62
1771943559236 1.18242 63
1771943579458 1.17829 64
1771943599425 1.17026 65
1771943619512 1.16989 66
1771943639693 1.16132 67
1771943660247 1.16193 68
1771943680730 1.16011 69
1771943701254 1.15174 70
1771943721464 1.14604 71
1771943741691 1.14186 72
1771943762004 1.14129 73
1771943782286 1.15185 74
1771943802580 1.1446 75
1771943822831 1.12674 76
1771943843043 1.12443 77
1771943863435 1.11543 78
1771943883802 1.12651 79
1771943904230 1.11503 80
1771943924789 1.12471 81
1771943945164 1.12331 82
1771943965405 1.11413 83
1771943985671 1.10799 84
1771944005951 1.10084 85
1771944026504 1.10539 86
1771944047002 1.1023 87
1771944067301 1.10118 88
1771944087585 1.10087 89
1771944108085 1.05457 90
1771944128366 1.05091 91
1771944148460 1.03649 92
1771944168583 1.03033 93
1771944188642 1.01635 94
1771944208714 1.0296 95
1771944228850 1.01552 96
1771944249049 1.01554 97
1771944269141 1.01609 98
1771944289323 1.00354 99
