1771946367492 1.67544 0
1771946388794 1.73878 1
1771946409121 1.7813 2
1771946429247 1.80286 3
1771946449388 1.76588 4
1771946469646 1.75466 5
1771946489686 1.71574 6
1771946509593 1.6656 7
1771946529380 1.64689 8
1771946549370 1.60768 9
1771946569502 1.6539 10
1771946589575 1.58451 11
1771946609679 1.58072 12
1771946629425 1.5836 13
1771946649502 1.56333 14
1771946669421 1.5653 15
1771946689363 1.52401 16
1771946709087 1.50486 17
1771946728858 1.49027 18
1771946748591 1.51252 19
1771946768454 1.4838 20
1771946788265 1.49173 21
1771946808283 1.48527 22
1771946828230 1.47615 23
1771946848023 1.45293 24
1771946867645 1.43909 25
1771946887424 1.42662 26
1771946907069 1.43152 27
1771946926848 1.42724 28
1771946946633 1.41151 29
1771946966484 1.39084 30
1771946986329 1.40924 31
1771947005955 1.39352 32
1771947025642 1.38451 33
1771947045379 1.38194 34
1771947065198 1.36392 35
1771947085018 1.37087 36
1771947105013 1.33362 37
1771947124727 1.36052 38
1771947145125 1.34937 39
1771947165621 1.33243 40
1771947186170 1.34069 41
1771947206523 1.29424 42
1771947227010 1.32142 43
1771947247637 1.28933 44
1771947268077 1.29803 45
1771947288520 1.28231 46
1771947309266 1.29047 47
1771947329906 1.29707 48
1771947350434 1.27158 49
1771947371030 1.26533 50
1771947391417 1.27516 51
1771947411605 1.24964 52
1771947431962 1.26685 53
1771947452271 1.23439 54
1771947472714 1.24079 55
1771947492568 1.23737 56
1771947512398 1.21905 57
1771947532344 1.22015 58
1771947551984 1.21583 59
1771947571311 1.21561 60
1771947590592 1.20507 61
1771947609906 1.20946 62
1771947629257 1.2048 63
1771947648573 1.18894 64
1771947667880 1.15869 65
1771947687287 1.19423 66
1771947706614 1.16494 67
1771947725893 1.13536 68
1771947745180 1.1684 69
1771947764520 1.12764 70
1771947783832 1.15195 71
1771947803125 1.12807 72
1771947822407 1.13751 73
1771947841730 1.13902 74
1771947861046 1.13015 75
1771947880310 1.09789 76
1771947899595 1.11201 77
1771947918971 1.10057 78
1771947938275 1.10651 79
1771947957551 1.09091 80
1771947976791 1.08551 81
1771947996043 1.07309 82
1771948015308 1.0799 83
1771948034565 1.08624 84
1771948053817 1.04841 85
1771948073073 1.05262 86
1771948092498 1.0434 87
1771948111932 1.07058 88
1771948131423 1.03406 89
1771948151114 1.02636 90
1771948170495 0.9988 91
1771948189779 0.97892 92
1771948209073 0.97935 93
1771948228379 0.96486 94
1771948247650 0.96517 95
1771948266909 0.95495 96
1771948286181 0.94383 97
1771948305444 0.93932 98
1771948324744 0.9314 99
