1771946367492 2.70766 0
1771946388794 2.28724 1
1771946409121 2.29666 2
1771946429247 2.26997 3
1771946449388 2.1645 4
1771946469646 2.14364 5
1771946489686 2.05876 6
1771946509593 2.00648 7
1771946529380 1.96654 8
1771946549370 1.92843 9
1771946569502 1.9453 10
1771946589575 1.87818 11
1771946609679 1.86443 12
1771946629425 1.82269 13
1771946649502 1.79421 14
1771946669421 1.79766 15
1771946689363 1.77064 16
1771946709087 1.72735 17
1771946728858 1.70847 18
1771946748591 1.70294 19
1771946768454 1.66975 20
1771946788265 1.66058 21
1771946808283 1.67702 22
1771946828230 1.63714 23
1771946848023 1.62041 24
1771946867645 1.62746 25
1771946887424 1.56633 26
1771946907069 1.54875 27
1771946926848 1.57698 28
1771946946633 1.52333 29
1771946966484 1.517 30
1771946986329 1.5229 31
1771947005955 1.49619 32
1771947025642 1.502 33
1771947045379 1.47029 34
1771947065198 1.45975 35
1771947085018 1.4785 36
1771947105013 1.43632 37
1771947124727 1.42489 38
1771947145125 1.42706 39
1771947165621 1.39845 40
1771947186170 1.40201 41
1771947206523 1.35233 42
1771947227010 1.39103 43
1771947247637 1.35862 44
1771947268077 1.34333 45
1771947288520 1.33744 46
1771947309266 1.33407 47
1771947329906 1.30957 48
1771947350434 1.27959 49
1771947371030 1.27805 50
1771947391417 1.26911 51
1771947411605 1.28139 52
1771947431962 1.27898 53
1771947452271 1.24164 54
1771947472714 1.2316 55
1771947492568 1.22663 56
1771947512398 1.20788 57
1771947532344 1.19956 58
1771947551984 1.20492 59
1771947571311 1.19563 60
1771947590592 1.18187 61
1771947609906 1.19042 62
1771947629257 1.17869 63
1771947648573 1.15424 64
1771947667880 1.12685 65
1771947687287 1.15025 66
1771947706614 1.11923 67
1771947725893 1.09644 68
1771947745180 1.10967 69
1771947764520 1.07879 70
1771947783832 1.07607 71
1771947803125 1.05527 72
1771947822407 1.06487 73
1771947841730 1.07129 74
1771947861046 1.05829 75
1771947880310 1.0481 76
1771947899595 1.02973 77
1771947918971 1.00512 78
1771947938275 1.0184 79
1771947957551 0.99408 80
1771947976791 1.00891 81
1771947996043 0.99098 82
1771948015308 0.98559 83
1771948034565 0.98924 84
1771948053817 0.94609 85
1771948073073 0.96849 86
1771948092498 0.9556 87
1771948111932 0.97459 88
1771948131423 0.9352 89
1771948151114 0.88565 90
1771948170495 0.81616 91
1771948189779 0.79526 92
1771948209073 0.77808 93
1771948228379 0.76258 94
1771948247650 0.77 95
1771948266909 0.74876 96
1771948286181 0.73994 97
1771948305444 0.74166 98
1771948324744 0.72228 99
