1771946367492 1.68407 0
1771946388794 1.75952 1
1771946409121 1.82768 2
1771946429247 1.84707 3
1771946449388 1.81625 4
1771946469646 1.80942 5
1771946489686 1.7796 6
1771946509593 1.74102 7
1771946529380 1.73488 8
1771946549370 1.70683 9
1771946569502 1.72607 10
1771946589575 1.6852 11
1771946609679 1.6846 12
1771946629425 1.68428 13
1771946649502 1.65946 14
1771946669421 1.6567 15
1771946689363 1.65065 16
1771946709087 1.63411 17
1771946728858 1.61598 18
1771946748591 1.62119 19
1771946768454 1.59757 20
1771946788265 1.60003 21
1771946808283 1.61451 22
1771946828230 1.57787 23
1771946848023 1.58092 24
1771946867645 1.57967 25
1771946887424 1.54924 26
1771946907069 1.53759 27
1771946926848 1.55845 28
1771946946633 1.52911 29
1771946966484 1.52046 30
1771946986329 1.53759 31
1771947005955 1.52348 32
1771947025642 1.5257 33
1771947045379 1.51389 34
1771947065198 1.50106 35
1771947085018 1.51265 36
1771947105013 1.48812 37
1771947124727 1.49371 38
1771947145125 1.48453 39
1771947165621 1.47733 40
1771947186170 1.47191 41
1771947206523 1.45279 42
1771947227010 1.4731 43
1771947247637 1.4435 44
1771947268077 1.44936 45
1771947288520 1.44054 46
1771947309266 1.43128 47
1771947329906 1.43788 48
1771947350434 1.42377 49
1771947371030 1.42363 50
1771947391417 1.41042 51
1771947411605 1.41495 52
1771947431962 1.41528 53
1771947452271 1.40827 54
1771947472714 1.40755 55
1771947492568 1.38844 56
1771947512398 1.38475 57
1771947532344 1.37077 58
1771947551984 1.39389 59
1771947571311 1.37781 60
1771947590592 1.38031 61
1771947609906 1.37552 62
1771947629257 1.37157 63
1771947648573 1.36515 64
1771947667880 1.35305 65
1771947687287 1.35105 66
1771947706614 1.34605 67
1771947725893 1.33283 68
1771947745180 1.34365 69
1771947764520 1.32066 70
1771947783832 1.33412 71
1771947803125 1.31321 72
1771947822407 1.3077 73
1771947841730 1.3202 74
1771947861046 1.31038 75
1771947880310 1.29224 76
1771947899595 1.30787 77
1771947918971 1.28867 78
1771947938275 1.28892 79
1771947957551 1.27577 80
1771947976791 1.28856 81
1771947996043 1.27978 82
1771948015308 1.26928 83
1771948034565 1.27364 84
1771948053817 1.25707 85
1771948073073 1.26315 86
1771948092498 1.25585 87
1771948111932 1.26401 88
1771948131423 1.25777 89
1771948151114 1.24216 90
1771948170495 1.22629 91
1771948189779 1.20537 92
1771948209073 1.20757 93
1771948228379 1.18423 94
1771948247650 1.20288 95
1771948266909 1.18443 96
1771948286181 1.18349 97
1771948305444 1.181 98
1771948324744 1.16479 99
