1771667703339 0.00014000000000000001 0
1771667704618 0.00029703 1
1771667705545 0.000450892 2
1771667706382 0.000601586 3
1771667707227 0.000749112 4
1771667708066 0.0008934700000000002 5
1771667708889 0.00103466 6
1771667709711 0.0011726820000000002 7
1771667710531 0.001307536 8
1771667711350 0.001439222 9
1771667712184 0.00156774 10
1771667713004 0.00169309 11
1771667713838 0.0017624 12
1771667714653 0.0017426 13
1771667715449 0.0017228 14
1771667716253 0.001703 15
1771667717054 0.0016832000000000001 16
1771667717856 0.0016634 17
1771667718667 0.0016436000000000003 18
1771667719471 0.0016238000000000001 19
1771667720297 0.0016040000000000002 20
1771667721091 0.0015842 21
1771667721889 0.0015644 22
1771667722684 0.0015446 23
1771667723497 0.0015248 24
1771667724305 0.0015049999999999998 25
1771667725109 0.0014852 26
1771667725904 0.0014654000000000002 27
1771667726695 0.0014456 28
1771667727506 0.0014258 29
1771667728303 0.001406 30
1771667729101 0.0013862 31
1771667730583 0.0013663999999999998 32
1771667731396 0.0013465999999999999 33
1771667732225 0.0013267999999999997 34
1771667733045 0.001307 35
1771667733854 0.0012872 36
1771667734661 0.0012674000000000001 37
1771667735729 0.0012476 38
1771667736944 0.0012278 39
1771667737755 0.001208 40
1771667738564 0.0011882000000000002 41
1771667739378 0.0011684000000000002 42
1771667740192 0.0011486 43
1771667740997 0.0011288000000000001 44
1771667741804 0.001109 45
1771667742611 0.0010892000000000002 46
1771667743409 0.0010694 47
1771667744216 0.0010496000000000001 48
1771667745030 0.0010298 49
1771667745928 0.00101 50
1771667746757 0.0009901999999999999 51
1771667747559 0.0009704 52
1771667748362 0.0009506 53
1771667749184 0.0009308 54
1771667750121 0.0009109999999999999 55
1771667750913 0.0008911999999999999 56
1771667751713 0.0008714 57
1771667752505 0.0008516000000000001 58
1771667753325 0.0008318000000000002 59
1771667754145 0.0008120000000000001 60
1771667754953 0.0007922000000000001 61
1771667755759 0.0007724 62
1771667756563 0.0007526000000000001 63
1771667757375 0.0007328 64
1771667758173 0.000713 65
1771667758995 0.0006931999999999999 66
1771667759812 0.0006733999999999999 67
1771667760617 0.0006536 68
1771667761426 0.0006338000000000001 69
