1771944331424 0.4005 0
1771944353029 0.25454 1
1771944374267 0.24415 2
1771944395120 0.3168 3
1771944415831 0.30012 4
1771944436321 0.37822 5
1771944456886 0.34001 6
1771944477551 0.3816 7
1771944498069 0.47295 8
1771944518468 0.41293 9
1771944539164 0.47182 10
1771944559765 0.47104 11
1771944580501 0.47315 12
1771944601106 0.50112 13
1771944621554 0.49415 14
1771944642105 0.46326 15
1771944662491 0.5472 16
1771944683109 0.50205 17
1771944703649 0.55382 18
1771944724252 0.48948 19
1771944744730 0.50111 20
1771944765142 0.54435 21
1771944785461 0.52127 22
1771944805964 0.55938 23
1771944826326 0.57038 24
1771944846669 0.58293 25
1771944867030 0.57742 26
1771944887315 0.58821 27
1771944907523 0.57828 28
1771944927875 0.56551 29
1771944948126 0.56883 30
1771944968407 0.58796 31
1771944988774 0.57348 32
1771945009146 0.55462 33
1771945029463 0.59258 34
1771945049765 0.60867 35
1771945070065 0.59477 36
1771945090311 0.59462 37
1771945110701 0.6177 38
1771945130975 0.61319 39
1771945151267 0.59234 40
1771945171542 0.61078 41
1771945191861 0.6038 42
1771945212151 0.61099 43
1771945232433 0.61159 44
1771945252800 0.6245 45
1771945273098 0.59422 46
1771945293490 0.63478 47
1771945313752 0.63565 48
1771945334098 0.63934 49
1771945354425 0.62643 50
1771945374871 0.62486 51
1771945395363 0.6365 52
1771945415860 0.6219 53
1771945436207 0.63235 54
1771945456601 0.61992 55
1771945477108 0.63894 56
1771945497579 0.63592 57
1771945518122 0.64258 58
1771945538466 0.64729 59
1771945558868 0.63438 60
1771945579286 0.63561 61
1771945599621 0.64797 62
1771945620057 0.65538 63
1771945640306 0.64634 64
1771945660529 0.64325 65
1771945681006 0.64961 66
1771945701528 0.64658 67
1771945721926 0.65071 68
1771945742195 0.6522 69
1771945762445 0.64961 70
1771945782750 0.64754 71
1771945803027 0.63602 72
1771945823281 0.64158 73
1771945843537 0.64921 74
1771945863804 0.65677 75
1771945884009 0.66193 76
1771945904183 0.65768 77
1771945924481 0.65188 78
1771945944625 0.65645 79
1771945964812 0.64846 80
1771945984967 0.65183 81
1771946005153 0.65572 82
1771946025313 0.65933 83
1771946045458 0.66176 84
1771946065645 0.65318 85
1771946085846 0.6631 86
1771946105989 0.66254 87
1771946126130 0.65184 88
1771946146478 0.66494 89
1771946166537 0.65542 90
1771946186169 0.65404 91
1771946205548 0.6577 92
1771946224911 0.65583 93
1771946244243 0.65682 94
1771946263566 0.65488 95
1771946282896 0.65094 96
1771946302207 0.65532 97
1771946321546 0.65627 98
1771946340846 0.65469 99
1771946347456 0.665499706985633 99
