1771944331424 0.20786 0
1771944353029 0.11641 1
1771944374267 0.11173 2
1771944395120 0.14105 3
1771944415831 0.13688 4
1771944436321 0.17918 5
1771944456886 0.15556 6
1771944477551 0.20346 7
1771944498069 0.24982 8
1771944518468 0.21489 9
1771944539164 0.24191 10
1771944559765 0.26664 11
1771944580501 0.26438 12
1771944601106 0.26793 13
1771944621554 0.27211 14
1771944642105 0.26071 15
1771944662491 0.30784 16
1771944683109 0.28027 17
1771944703649 0.32743 18
1771944724252 0.26138 19
1771944744730 0.29334 20
1771944765142 0.30607 21
1771944785461 0.30051 22
1771944805964 0.32813 23
1771944826326 0.32171 24
1771944846669 0.34506 25
1771944867030 0.33865 26
1771944887315 0.34298 27
1771944907523 0.33999 28
1771944927875 0.33388 29
1771944948126 0.33423 30
1771944968407 0.34588 31
1771944988774 0.33555 32
1771945009146 0.32222 33
1771945029463 0.35026 34
1771945049765 0.35824 35
1771945070065 0.35351 36
1771945090311 0.35781 37
1771945110701 0.37553 38
1771945130975 0.36798 39
1771945151267 0.36132 40
1771945171542 0.37243 41
1771945191861 0.3575 42
1771945212151 0.36645 43
1771945232433 0.37264 44
1771945252800 0.37876 45
1771945273098 0.36078 46
1771945293490 0.38859 47
1771945313752 0.39088 48
1771945334098 0.38927 49
1771945354425 0.37272 50
1771945374871 0.37303 51
1771945395363 0.38711 52
1771945415860 0.37963 53
1771945436207 0.37612 54
1771945456601 0.37666 55
1771945477108 0.3869 56
1771945497579 0.39158 57
1771945518122 0.38685 58
1771945538466 0.39546 59
1771945558868 0.3865 60
1771945579286 0.38679 61
1771945599621 0.40029 62
1771945620057 0.40606 63
1771945640306 0.39841 64
1771945660529 0.39776 65
1771945681006 0.40019 66
1771945701528 0.40305 67
1771945721926 0.40256 68
1771945742195 0.40135 69
1771945762445 0.40511 70
1771945782750 0.39839 71
1771945803027 0.39118 72
1771945823281 0.39754 73
1771945843537 0.39961 74
1771945863804 0.40535 75
1771945884009 0.40651 76
1771945904183 0.41091 77
1771945924481 0.40206 78
1771945944625 0.41008 79
1771945964812 0.4027 80
1771945984967 0.40414 81
1771946005153 0.40646 82
1771946025313 0.40616 83
1771946045458 0.41328 84
1771946065645 0.40585 85
1771946085846 0.41232 86
1771946105989 0.41205 87
1771946126130 0.40675 88
1771946146478 0.41538 89
1771946166537 0.40665 90
1771946186169 0.40371 91
1771946205548 0.40577 92
1771946224911 0.40666 93
1771946244243 0.41075 94
1771946263566 0.41061 95
1771946282896 0.40572 96
1771946302207 0.40872 97
1771946321546 0.41047 98
1771946340846 0.40966 99
1771946347456 0.4155012431545334 99
