1771944331424 0.73825 0
1771944353029 0.28819 1
1771944374267 0.31781 2
1771944395120 0.39258 3
1771944415831 0.40255 4
1771944436321 0.49025 5
1771944456886 0.43018 6
1771944477551 0.51311 7
1771944498069 0.58504 8
1771944518468 0.55211 9
1771944539164 0.59352 10
1771944559765 0.5952 11
1771944580501 0.60609 12
1771944601106 0.62481 13
1771944621554 0.62641 14
1771944642105 0.58977 15
1771944662491 0.69537 16
1771944683109 0.61065 17
1771944703649 0.6494 18
1771944724252 0.626 19
1771944744730 0.6361 20
1771944765142 0.63726 21
1771944785461 0.63421 22
1771944805964 0.67645 23
1771944826326 0.65085 24
1771944846669 0.67616 25
1771944867030 0.67255 26
1771944887315 0.69592 27
1771944907523 0.69862 28
1771944927875 0.66108 29
1771944948126 0.6611 30
1771944968407 0.7107 31
1771944988774 0.68474 32
1771945009146 0.6384 33
1771945029463 0.72043 34
1771945049765 0.70735 35
1771945070065 0.70542 36
1771945090311 0.66123 37
1771945110701 0.70822 38
1771945130975 0.71294 39
1771945151267 0.70542 40
1771945171542 0.73729 41
1771945191861 0.70859 42
1771945212151 0.71224 43
1771945232433 0.73473 44
1771945252800 0.7536 45
1771945273098 0.67197 46
1771945293490 0.75572 47
1771945313752 0.71746 48
1771945334098 0.7474 49
1771945354425 0.71488 50
1771945374871 0.76169 51
1771945395363 0.73871 52
1771945415860 0.75803 53
1771945436207 0.73963 54
1771945456601 0.74998 55
1771945477108 0.77172 56
1771945497579 0.75592 57
1771945518122 0.73288 58
1771945538466 0.77254 59
1771945558868 0.74663 60
1771945579286 0.73486 61
1771945599621 0.72628 62
1771945620057 0.74202 63
1771945640306 0.78298 64
1771945660529 0.75689 65
1771945681006 0.74128 66
1771945701528 0.78894 67
1771945721926 0.76767 68
1771945742195 0.76167 69
1771945762445 0.77687 70
1771945782750 0.74523 71
1771945803027 0.78436 72
1771945823281 0.76424 73
1771945843537 0.73296 74
1771945863804 0.78393 75
1771945884009 0.76378 76
1771945904183 0.73324 77
1771945924481 0.74146 78
1771945944625 0.79201 79
1771945964812 0.78563 80
1771945984967 0.77095 81
1771946005153 0.77607 82
1771946025313 0.75916 83
1771946045458 0.77634 84
1771946065645 0.77044 85
1771946085846 0.74957 86
1771946105989 0.78191 87
1771946126130 0.76479 88
1771946146478 0.77372 89
1771946166537 0.74538 90
1771946186169 0.7723 91
1771946205548 0.76961 92
1771946224911 0.77389 93
1771946244243 0.77154 94
1771946263566 0.75583 95
1771946282896 0.81465 96
1771946302207 0.79434 97
1771946321546 0.79146 98
1771946340846 0.79735 99
1771946347456 0.770963660560263 99
