1771944331424 0.24502 0
1771944353029 0.3362 1
1771944374267 0.31576 2
1771944395120 0.35658 3
1771944415831 0.34187 4
1771944436321 0.38996 5
1771944456886 0.36436 6
1771944477551 0.35572 7
1771944498069 0.45034 8
1771944518468 0.38573 9
1771944539164 0.43525 10
1771944559765 0.42559 11
1771944580501 0.43157 12
1771944601106 0.45837 13
1771944621554 0.44707 14
1771944642105 0.40902 15
1771944662491 0.4728 16
1771944683109 0.45695 17
1771944703649 0.4887 18
1771944724252 0.44754 19
1771944744730 0.44922 20
1771944765142 0.5174 21
1771944785461 0.46606 22
1771944805964 0.49061 23
1771944826326 0.51605 24
1771944846669 0.52377 25
1771944867030 0.5213 26
1771944887315 0.52416 27
1771944907523 0.50869 28
1771944927875 0.50434 29
1771944948126 0.50972 30
1771944968407 0.51996 31
1771944988774 0.50049 32
1771945009146 0.51449 33
1771945029463 0.51661 34
1771945049765 0.54217 35
1771945070065 0.52209 36
1771945090311 0.53258 37
1771945110701 0.54013 38
1771945130975 0.54116 39
1771945151267 0.52217 40
1771945171542 0.53706 41
1771945191861 0.53736 42
1771945212151 0.53749 43
1771945232433 0.51804 44
1771945252800 0.53079 45
1771945273098 0.5369 46
1771945293490 0.55224 47
1771945313752 0.56465 48
1771945334098 0.55468 49
1771945354425 0.55675 50
1771945374871 0.53043 51
1771945395363 0.56102 52
1771945415860 0.54218 53
1771945436207 0.56442 54
1771945456601 0.53433 55
1771945477108 0.53747 56
1771945497579 0.55607 57
1771945518122 0.57132 58
1771945538466 0.55521 59
1771945558868 0.54525 60
1771945579286 0.5576 61
1771945599621 0.5753 62
1771945620057 0.56999 63
1771945640306 0.55445 64
1771945660529 0.55916 65
1771945681006 0.5653 66
1771945701528 0.53799 67
1771945721926 0.56217 68
1771945742195 0.56471 69
1771945762445 0.56011 70
1771945782750 0.56731 71
1771945803027 0.53255 72
1771945823281 0.55261 73
1771945843537 0.58133 74
1771945863804 0.56671 75
1771945884009 0.57894 76
1771945904183 0.57803 77
1771945924481 0.57279 78
1771945944625 0.55856 79
1771945964812 0.55776 80
1771945984967 0.56194 81
1771946005153 0.5664 82
1771946025313 0.57699 83
1771946045458 0.57375 84
1771946065645 0.56994 85
1771946085846 0.58423 86
1771946105989 0.573 87
1771946126130 0.56733 88
1771946146478 0.57495 89
1771946166537 0.58296 90
1771946186169 0.55864 91
1771946205548 0.57359 92
1771946224911 0.56384 93
1771946244243 0.56745 94
1771946263566 0.57621 95
1771946282896 0.54522 96
1771946302207 0.56653 97
1771946321546 0.56291 98
1771946340846 0.56151 99
1771946347456 0.5756795942497311 99
