1771667523888 0.00014000000000000001 0
1771667525923 0.00029703 1
1771667527667 0.000450892 2
1771667529434 0.000601586 3
1771667531203 0.000749112 4
1771667533015 0.0008934700000000002 5
1771667534812 0.00103466 6
1771667536601 0.0011726820000000002 7
1771667538378 0.001307536 8
1771667540112 0.001439222 9
1771667541851 0.00156774 10
1771667543561 0.00169309 11
1771667545276 0.0017624 12
1771667546982 0.0017426 13
1771667548693 0.0017228 14
1771667550402 0.001703 15
1771667552120 0.0016832000000000001 16
1771667553852 0.0016634 17
1771667555578 0.0016436000000000003 18
1771667557293 0.0016238000000000001 19
1771667559071 0.0016040000000000002 20
1771667560814 0.0015842 21
1771667562542 0.0015644 22
1771667564282 0.0015446 23
1771667566004 0.0015248 24
1771667567760 0.0015049999999999998 25
1771667569509 0.0014852 26
1771667571260 0.0014654000000000002 27
1771667572992 0.0014456 28
1771667574725 0.0014258 29
1771667576467 0.001406 30
1771667578271 0.0013862 31
1771667580012 0.0013663999999999998 32
1771667581751 0.0013465999999999999 33
1771667583471 0.0013267999999999997 34
1771667585219 0.001307 35
1771667587063 0.0012872 36
1771667588838 0.0012674000000000001 37
1771667590574 0.0012476 38
1771667592306 0.0012278 39
1771667594008 0.001208 40
1771667595723 0.0011882000000000002 41
1771667597434 0.0011684000000000002 42
1771667599148 0.0011486 43
1771667600921 0.0011288000000000001 44
1771667602660 0.001109 45
1771667604386 0.0010892000000000002 46
1771667606107 0.0010694 47
1771667607830 0.0010496000000000001 48
1771667609567 0.0010298 49
1771667611269 0.00101 50
1771667613007 0.0009901999999999999 51
1771667614716 0.0009704 52
1771667616429 0.0009506 53
1771667618187 0.0009308 54
1771667619914 0.0009109999999999999 55
1771667621641 0.0008911999999999999 56
1771667623368 0.0008714 57
1771667625085 0.0008516000000000001 58
1771667626803 0.0008318000000000002 59
1771667628574 0.0008120000000000001 60
1771667630331 0.0007922000000000001 61
1771667632113 0.0007724 62
1771667633889 0.0007526000000000001 63
1771667635615 0.0007328 64
1771667637329 0.000713 65
1771667639041 0.0006931999999999999 66
1771667640777 0.0006733999999999999 67
1771667642531 0.0006536 68
1771667644292 0.0006338000000000001 69
1771667646032 0.0006140000000000001 70
1771667647780 0.0005942 71
1771667649515 0.0005744000000000001 72
1771667651242 0.0005546000000000001 73
1771667652993 0.0005348000000000001 74
1771667654752 0.000515 75
1771667656485 0.0004952 76
1771667658228 0.0004754 77
1771667659956 0.00045559999999999996 78
1771667661683 0.00043579999999999997 79
1771667663409 0.0004159999999999999 80
1771667665181 0.00039619999999999987 81
1771667667121 0.00037640000000000015 82
1771667668871 0.0003566000000000001 83
1771667670638 0.0003368000000000001 84
1771667672365 0.00031700000000000006 85
1771667674107 0.0002972 86
1771667675842 0.0002774 87
1771667677560 0.00025760000000000003 88
1771667679266 0.00023779999999999995 89
1771667681374 0.00021799999999999996 90
1771667683128 0.00019819999999999994 91
1771667684823 0.00017839999999999992 92
1771667686519 0.00015859999999999987 93
1771667688217 0.0001388000000000001 94
1771667689924 0.0001190000000000001 95
1771667691618 9.920000000000008e-05 96
1771667693328 7.940000000000006e-05 97
1771667695053 5.9600000000000046e-05 98
1771667696761 3.980000000000002e-05 99
