1772015427311 0.0005489718875502009 0
1772015451200 0.0010937026325301205 1
1772015473856 0.0016274311775100402 2
1772015496456 0.0016174900999999999 3
1772015518790 0.0016009868 4
1772015541173 0.0015844835000000002 5
1772015563646 0.0015679802000000001 6
1772015587147 0.0015514769 7
1772015615151 0.0015349736000000002 8
1772015637615 0.0015184703000000002 9
1772015659845 0.001501967 10
1772015681995 0.0014854637 11
1772015704205 0.0014689604 12
1772015734450 0.0014524571 13
1772015768897 0.0014359538 14
1772015863095 0.0014194505000000002 15
1772015947358 0.0014029472000000002 16
1772015966406 0.0013864439 17
1772015985630 0.0013699406000000003 18
1772016005004 0.0013534373000000002 19
1772016024325 0.0013369340000000001 20
1772016043993 0.0013204307 21
1772016063386 0.0013039274 22
1772016082450 0.0012874241 23
1772016101686 0.0012709208 24
1772016121034 0.0012544175 25
1772016140491 0.0012379142000000002 26
1772016160000 0.0012214109000000001 27
1772016179452 0.0012049076 28
1772016198869 0.0011884043 29
1772016218143 0.001171901 30
1772016237386 0.0011553976999999999 31
1772016256603 0.0011388944 32
1772016275921 0.0011223911 33
1772016295447 0.0011058878 34
1772016314786 0.0010893845 35
1772016334252 0.0010728812000000002 36
1772016353574 0.0010563779000000001 37
1772016372916 0.0010398746 38
1772016392397 0.0010233713 39
1772016412024 0.001006868 40
1772016431630 0.0009903647000000001 41
1772016451234 0.0009738614000000002 42
1772016470971 0.0009573581000000001 43
1772016490606 0.0009408548 44
1772016510244 0.0009243515000000001 45
1772016529632 0.0009078482000000002 46
1772016548760 0.0008913449000000002 47
1772016567905 0.0008748416000000001 48
1772016587002 0.0008583383 49
1772016606135 0.0008418350000000001 50
1772016625278 0.0008253317 51
1772016644395 0.0008088284 52
1772016663531 0.0007923251 53
1772016682620 0.0007758218 54
1772016701758 0.0007593185 55
1772016720868 0.0007428151999999999 56
1772016739960 0.0007263119000000001 57
1772016759065 0.0007098086000000001 58
1772016778162 0.0006933053000000001 59
1772016797250 0.0006768020000000001 60
1772016816335 0.0006602987 61
1772016835470 0.0006437954 62
1772016854582 0.0006272921 63
1772016873668 0.0006107888000000001 64
1772016892738 0.0005942855 65
1772016911875 0.0005777822 66
1772016930949 0.0005612788999999999 67
1772016949995 0.0005447756 68
1772016969038 0.0005282723000000001 69
1772016988122 0.0005117690000000001 70
1772017007215 0.0004952657000000001 71
1772017026269 0.00047876240000000006 72
1772017045354 0.0004622591000000001 73
1772017064571 0.00044575580000000005 74
1772017083915 0.00042925250000000004 75
1772017103217 0.0004127492 76
1772017122458 0.0003962459 77
1772017141799 0.00037974259999999996 78
1772017160989 0.0003632393 79
1772017180513 0.00034673599999999994 80
1772017199907 0.00033023269999999993 81
1772017219515 0.00031372940000000014 82
1772017238998 0.0002972261000000001 83
1772017258178 0.00028072280000000007 84
1772017277248 0.00026421950000000006 85
1772017296316 0.00024771620000000005 86
1772017315610 0.00023121290000000004 87
1772017334725 0.0002147096 88
1772017353905 0.00019820629999999997 89
1772017373291 0.00018170299999999996 90
1772017392433 0.00016519969999999996 91
1772017411460 0.00014869639999999995 92
1772017430587 0.0001321930999999999 93
1772017449777 0.00011568980000000008 94
1772017468839 9.918650000000008e-05 95
1772017487871 8.268320000000008e-05 96
1772017507103 6.617990000000005e-05 97
1772017526200 4.967660000000004e-05 98
1772017545352 3.3173300000000017e-05 99
