1771667926582 0.00282 0
1771667928640 0.14838 1
1771667930414 0.42852 2
1771667932181 0.44781 3
1771667933932 0.38137 4
1771667935683 0.38383 5
1771667937426 0.38982 6
1771667939166 0.36496 7
1771667940903 0.22579 8
1771667942625 0.30452 9
1771667944361 0.2046 10
1771667946081 0.14607 11
1771667947817 0.4588 12
1771667949562 0.41208 13
1771667951357 0.46497 14
1771667953163 0.39608 15
1771667954951 0.35084 16
1771667956742 0.55124 17
1771667958489 0.53008 18
1771667960222 0.51904 19
1771667961949 0.50195 20
1771667963692 0.49226 21
1771667965493 0.55685 22
1771667967261 0.54921 23
1771667969047 0.45151 24
1771667970844 0.56316 25
1771667972615 0.59662 26
1771667974428 0.60829 27
1771667976183 0.56283 28
1771667977980 0.61715 29
1771667979775 0.62858 30
1771667981524 0.59775 31
1771667983264 0.55884 32
1771667985010 0.61238 33
1771667986789 0.64112 34
1771667988512 0.63256 35
1771667990305 0.61561 36
1771667992058 0.61341 37
1771667993795 0.6395 38
1771667995550 0.66317 39
1771667997295 0.65522 40
1771667999029 0.65279 41
1771668000757 0.64149 42
1771668002475 0.65316 43
1771668004195 0.66021 44
1771668005982 0.63326 45
1771668007784 0.63483 46
1771668009559 0.60042 47
1771668011325 0.67168 48
1771668013063 0.67107 49
1771668014825 0.67578 50
1771668016567 0.67359 51
1771668018693 0.67599 52
1771668020483 0.67247 53
1771668022243 0.63584 54
1771668024034 0.60972 55
1771668025793 0.625 56
1771668027577 0.63016 57
1771668029358 0.64613 58
1771668031099 0.64517 59
1771668032837 0.645 60
1771668034551 0.64343 61
1771668036285 0.61818 62
1771668038039 0.61014 63
1771668039779 0.66396 64
1771668041527 0.67169 65
1771668043324 0.66512 66
1771668045175 0.68099 67
1771668047024 0.69087 68
1771668048805 0.69437 69
1771668050619 0.67806 70
1771668052391 0.67362 71
1771668054205 0.68302 72
1771668055987 0.6535 73
1771668057726 0.66034 74
1771668059498 0.69354 75
1771668061301 0.68525 76
1771668063049 0.67507 77
1771668064801 0.67589 78
1771668066613 0.69145 79
1771668068380 0.69272 80
1771668070151 0.69669 81
1771668071972 0.70178 82
1771668073748 0.71629 83
1771668075519 0.71245 84
1771668077263 0.70226 85
1771668079013 0.70626 86
1771668080794 0.70538 87
1771668082566 0.70448 88
1771668084328 0.69603 89
1771668086455 0.69717 90
1771668088235 0.67934 91
1771668089976 0.68945 92
1771668091705 0.69961 93
1771668093447 0.70436 94
1771668095199 0.71561 95
1771668096939 0.71292 96
1771668098692 0.71225 97
1771668100428 0.71455 98
1771668102172 0.71009 99
1771668104091 0.7154357678418166 99
