1771667926582 0.01339 0
1771667928640 0.53119 1
1771667930414 0.7594 2
1771667932181 0.76416 3
1771667933932 0.71819 4
1771667935683 0.70133 5
1771667937426 0.68422 6
1771667939166 0.75392 7
1771667940903 0.50249 8
1771667942625 0.66985 9
1771667944361 0.47471 10
1771667946081 0.41684 11
1771667947817 0.83151 12
1771667949562 0.77201 13
1771667951357 0.79822 14
1771667953163 0.67628 15
1771667954951 0.63017 16
1771667956742 0.87126 17
1771667958489 0.85922 18
1771667960222 0.8293 19
1771667961949 0.84933 20
1771667963692 0.84527 21
1771667965493 0.89789 22
1771667967261 0.89868 23
1771667969047 0.79259 24
1771667970844 0.88825 25
1771667972615 0.93518 26
1771667974428 0.93409 27
1771667976183 0.91178 28
1771667977980 0.92663 29
1771667979775 0.93964 30
1771667981524 0.92612 31
1771667983264 0.91943 32
1771667985010 0.92345 33
1771667986789 0.95257 34
1771667988512 0.91675 35
1771667990305 0.94751 36
1771667992058 0.95676 37
1771667993795 0.95602 38
1771667995550 0.94732 39
1771667997295 0.95907 40
1771667999029 0.95399 41
1771668000757 0.95066 42
1771668002475 0.93606 43
1771668004195 0.92739 44
1771668005982 0.95026 45
1771668007784 0.92578 46
1771668009559 0.93283 47
1771668011325 0.95121 48
1771668013063 0.93846 49
1771668014825 0.92708 50
1771668016567 0.93764 51
1771668018693 0.95315 52
1771668020483 0.94507 53
1771668022243 0.93469 54
1771668024034 0.91515 55
1771668025793 0.9139 56
1771668027577 0.88795 57
1771668029358 0.93835 58
1771668031099 0.93835 59
1771668032837 0.94589 60
1771668034551 0.93831 61
1771668036285 0.93347 62
1771668038039 0.93418 63
1771668039779 0.94296 64
1771668041527 0.93348 65
1771668043324 0.94212 66
1771668045175 0.9559 67
1771668047024 0.967 68
1771668048805 0.96919 69
1771668050619 0.97005 70
1771668052391 0.96826 71
1771668054205 0.9504 72
1771668055987 0.95278 73
1771668057726 0.95036 74
1771668059498 0.96417 75
1771668061301 0.96627 76
1771668063049 0.96557 77
1771668064801 0.97029 78
1771668066613 0.97037 79
1771668068380 0.97017 80
1771668070151 0.96129 81
1771668071972 0.95435 82
1771668073748 0.9582 83
1771668075519 0.96082 84
1771668077263 0.95725 85
1771668079013 0.95385 86
1771668080794 0.95294 87
1771668082566 0.95264 88
1771668084328 0.95316 89
1771668086455 0.95086 90
1771668088235 0.95739 91
1771668089976 0.95817 92
1771668091705 0.95946 93
1771668093447 0.95639 94
1771668095199 0.96149 95
1771668096939 0.96457 96
1771668098692 0.96478 97
1771668100428 0.96553 98
1771668102172 0.96644 99
1771668104091 0.958395033531695 99
