1771667926582 0.00359 0
1771667928640 0.00628 1
1771667930414 0.00641 2
1771667932181 1.0 3
1771667933932 0.89731 4
1771667935683 0.87602 5
1771667937426 0.63309 6
1771667939166 0.78644 7
1771667940903 0.48371 8
1771667942625 0.84488 9
1771667944361 0.50333 10
1771667946081 0.52895 11
1771667947817 0.80729 12
1771667949562 0.67189 13
1771667951357 0.73775 14
1771667953163 0.781 15
1771667954951 0.69532 16
1771667956742 0.85936 17
1771667958489 0.89682 18
1771667960222 0.86298 19
1771667961949 0.8895 20
1771667963692 0.85355 21
1771667965493 0.91007 22
1771667967261 0.946 23
1771667969047 0.79933 24
1771667970844 0.89936 25
1771667972615 0.85626 26
1771667974428 0.95632 27
1771667976183 0.95396 28
1771667977980 0.97142 29
1771667979775 0.92087 30
1771667981524 0.95539 31
1771667983264 0.93267 32
1771667985010 0.90898 33
1771667986789 0.87654 34
1771667988512 0.91226 35
1771667990305 0.96672 36
1771667992058 0.95339 37
1771667993795 0.95898 38
1771667995550 0.9325 39
1771667997295 0.92419 40
1771667999029 0.89007 41
1771668000757 0.93216 42
1771668002475 0.92219 43
1771668004195 0.85647 44
1771668005982 0.92143 45
1771668007784 0.87616 46
1771668009559 0.91417 47
1771668011325 0.92591 48
1771668013063 0.92838 49
1771668014825 0.95809 50
1771668016567 0.97735 51
1771668018693 0.90594 52
1771668020483 0.90375 53
1771668022243 0.90952 54
1771668024034 0.88312 55
1771668025793 0.88765 56
1771668027577 0.86027 57
1771668029358 0.96955 58
1771668031099 0.97904 59
1771668032837 0.89053 60
1771668034551 0.91554 61
1771668036285 0.90459 62
1771668038039 0.86222 63
1771668039779 0.96477 64
1771668041527 0.95644 65
1771668043324 0.95769 66
1771668045175 0.95093 67
1771668047024 0.95696 68
1771668048805 0.96066 69
1771668050619 0.95928 70
1771668052391 0.95577 71
1771668054205 0.90246 72
1771668055987 0.96058 73
1771668057726 0.97938 74
1771668059498 0.93477 75
1771668061301 0.97593 76
1771668063049 0.98031 77
1771668064801 0.97995 78
1771668066613 0.97761 79
1771668068380 0.97737 80
1771668070151 0.97988 81
1771668071972 0.93579 82
1771668073748 0.95958 83
1771668075519 0.96019 84
1771668077263 0.93708 85
1771668079013 0.95326 86
1771668080794 0.9519 87
1771668082566 0.95432 88
1771668084328 0.95291 89
1771668086455 0.95977 90
1771668088235 0.95822 91
1771668089976 0.95324 92
1771668091705 0.95982 93
1771668093447 0.95603 94
1771668095199 0.9606 95
1771668096939 0.96068 96
1771668098692 0.96065 97
1771668100428 0.96062 98
1771668102172 0.96064 99
1771668104091 0.9595695914617484 99
