1771667926582 0.53846 0
1771667928640 0.94231 1
1771667930414 0.96154 2
1771667932181 0.37627 3
1771667933932 0.33632 4
1771667935683 0.55769 5
1771667937426 0.69231 6
1771667939166 0.67308 7
1771667940903 0.57692 8
1771667942625 0.53846 9
1771667944361 0.40385 10
1771667946081 0.36538 11
1771667947817 0.75 12
1771667949562 0.78763 13
1771667951357 0.75 14
1771667953163 0.59615 15
1771667954951 0.57063 16
1771667956742 0.82263 17
1771667958489 0.83584 18
1771667960222 0.86538 19
1771667961949 0.77408 20
1771667963692 0.73077 21
1771667965493 0.77856 22
1771667967261 0.76923 23
1771667969047 0.76923 24
1771667970844 0.85933 25
1771667972615 0.91656 26
1771667974428 0.84209 27
1771667976183 0.79709 28
1771667977980 0.82692 29
1771667979775 0.8953 30
1771667981524 0.88462 31
1771667983264 0.79925 32
1771667985010 0.80769 33
1771667986789 0.88462 34
1771667988512 0.79992 35
1771667990305 0.88462 36
1771667992058 0.88462 37
1771667993795 0.8993 38
1771667995550 0.90385 39
1771667997295 0.93784 40
1771667999029 0.94231 41
1771668000757 0.90385 42
1771668002475 0.91171 43
1771668004195 0.91812 44
1771668005982 0.92308 45
1771668007784 0.90385 46
1771668009559 0.86538 47
1771668011325 0.90385 48
1771668013063 0.88462 49
1771668014825 0.88462 50
1771668016567 0.90385 51
1771668018693 0.9262 52
1771668020483 0.94231 53
1771668022243 0.92308 54
1771668024034 0.90385 55
1771668025793 0.91167 56
1771668027577 0.82878 57
1771668029358 0.86538 58
1771668031099 0.84615 59
1771668032837 0.9387 60
1771668034551 0.88462 61
1771668036285 0.94231 62
1771668038039 0.92308 63
1771668039779 0.86538 64
1771668041527 0.84615 65
1771668043324 0.8707 66
1771668045175 0.90385 67
1771668047024 0.94231 68
1771668048805 0.93915 69
1771668050619 0.92308 70
1771668052391 0.92308 71
1771668054205 0.94231 72
1771668055987 0.93739 73
1771668057726 0.92308 74
1771668059498 0.94231 75
1771668061301 0.94231 76
1771668063049 0.95744 77
1771668064801 0.94009 78
1771668066613 0.92308 79
1771668068380 0.92308 80
1771668070151 0.93675 81
1771668071972 0.94231 82
1771668073748 0.94231 83
1771668075519 0.94231 84
1771668077263 0.94231 85
1771668079013 0.94231 86
1771668080794 0.94231 87
1771668082566 0.94231 88
1771668084328 0.94231 89
1771668086455 0.91758 90
1771668088235 0.90385 91
1771668089976 0.90385 92
1771668091705 0.91886 93
1771668093447 0.92308 94
1771668095199 0.93781 95
1771668096939 0.93964 96
1771668098692 0.93899 97
1771668100428 0.93839 98
1771668102172 0.93865 99
1771668104091 0.9423076923076923 99
