1771667883716 0.00014000000000000001 0
1771667884771 0.00029703 1
1771667885436 0.000450892 2
1771667886123 0.000601586 3
1771667886808 0.000749112 4
1771667887465 0.0008934700000000002 5
1771667888112 0.00103466 6
1771667888786 0.0011726820000000002 7
1771667889464 0.001307536 8
1771667890178 0.001439222 9
1771667890859 0.00156774 10
1771667891511 0.00169309 11
1771667892162 0.0017624 12
1771667892826 0.0017426 13
1771667893469 0.0017228 14
1771667894109 0.001703 15
1771667894755 0.0016832000000000001 16
1771667895390 0.0016634 17
1771667896059 0.0016436000000000003 18
1771667896698 0.0016238000000000001 19
1771667897334 0.0016040000000000002 20
1771667897969 0.0015842 21
1771667898608 0.0015644 22
1771667899263 0.0015446 23
1771667899907 0.0015248 24
1771667900550 0.0015049999999999998 25
1771667901185 0.0014852 26
1771667901815 0.0014654000000000002 27
1771667902455 0.0014456 28
1771667903078 0.0014258 29
1771667903742 0.001406 30
1771667904377 0.0013862 31
1771667905037 0.0013663999999999998 32
1771667905692 0.0013465999999999999 33
1771667906743 0.0013267999999999997 34
1771667907419 0.001307 35
1771667908152 0.0012872 36
1771667908802 0.0012674000000000001 37
1771667909451 0.0012476 38
1771667910091 0.0012278 39
1771667910731 0.001208 40
1771667911371 0.0011882000000000002 41
1771667912024 0.0011684000000000002 42
1771667912739 0.0011486 43
1771667913389 0.0011288000000000001 44
1771667914035 0.001109 45
1771667914672 0.0010892000000000002 46
1771667915370 0.0010694 47
1771667916011 0.0010496000000000001 48
1771667916661 0.0010298 49
1771667917292 0.00101 50
1771667917923 0.0009901999999999999 51
1771667918574 0.0009704 52
1771667919208 0.0009506 53
