1771667286257 0.00014000000000000001 0
1771667287393 0.00029703 1
1771667288224 0.000450892 2
1771667289044 0.000601586 3
1771667289849 0.000749112 4
1771667290642 0.0008934700000000002 5
1771667291430 0.00103466 6
1771667292218 0.0011726820000000002 7
1771667293021 0.001307536 8
1771667293835 0.001439222 9
1771667294631 0.00156774 10
1771667295428 0.00169309 11
1771667296209 0.0017624 12
1771667296995 0.0017426 13
1771667297773 0.0017228 14
1771667298558 0.001703 15
1771667299329 0.0016832000000000001 16
1771667300111 0.0016634 17
1771667300892 0.0016436000000000003 18
1771667301676 0.0016238000000000001 19
1771667302457 0.0016040000000000002 20
1771667303232 0.0015842 21
1771667304009 0.0015644 22
1771667304781 0.0015446 23
1771667305550 0.0015248 24
1771667306336 0.0015049999999999998 25
1771667307124 0.0014852 26
1771667307902 0.0014654000000000002 27
1771667308679 0.0014456 28
1771667309459 0.0014258 29
1771667310232 0.001406 30
1771667311027 0.0013862 31
1771667311810 0.0013663999999999998 32
1771667312592 0.0013465999999999999 33
1771667313379 0.0013267999999999997 34
1771667314163 0.001307 35
1771667314957 0.0012872 36
1771667315732 0.0012674000000000001 37
1771667316505 0.0012476 38
1771667317287 0.0012278 39
1771667318060 0.001208 40
1771667318839 0.0011882000000000002 41
1771667319655 0.0011684000000000002 42
1771667320477 0.0011486 43
1771667321276 0.0011288000000000001 44
1771667322059 0.001109 45
1771667322853 0.0010892000000000002 46
1771667323674 0.0010694 47
1771667324461 0.0010496000000000001 48
1771667325242 0.0010298 49
1771667326023 0.00101 50
1771667326808 0.0009901999999999999 51
1771667327585 0.0009704 52
1771667328350 0.0009506 53
1771667329114 0.0009308 54
1771667329898 0.0009109999999999999 55
1771667330660 0.0008911999999999999 56
1771667331426 0.0008714 57
1771667332204 0.0008516000000000001 58
1771667332974 0.0008318000000000002 59
1771667333741 0.0008120000000000001 60
1771667334518 0.0007922000000000001 61
1771667335290 0.0007724 62
1771667336060 0.0007526000000000001 63
1771667336837 0.0007328 64
1771667337613 0.000713 65
1771667338398 0.0006931999999999999 66
1771667339168 0.0006733999999999999 67
1771667339938 0.0006536 68
1771667340716 0.0006338000000000001 69
1771667341481 0.0006140000000000001 70
1771667342261 0.0005942 71
1771667343132 0.0005744000000000001 72
1771667343925 0.0005546000000000001 73
1771667345043 0.0005348000000000001 74
1771667345820 0.000515 75
1771667346620 0.0004952 76
1771667347418 0.0004754 77
1771667348226 0.00045559999999999996 78
1771667349002 0.00043579999999999997 79
1771667349768 0.0004159999999999999 80
1771667350550 0.00039619999999999987 81
1771667351330 0.00037640000000000015 82
1771667352107 0.0003566000000000001 83
1771667352869 0.0003368000000000001 84
1771667353636 0.00031700000000000006 85
1771667354402 0.0002972 86
1771667355174 0.0002774 87
1771667355943 0.00025760000000000003 88
1771667356717 0.00023779999999999995 89
1771667357777 0.00021799999999999996 90
1771667358616 0.00019819999999999994 91
1771667359392 0.00017839999999999992 92
1771667360188 0.00015859999999999987 93
1771667360975 0.0001388000000000001 94
1771667361757 0.0001190000000000001 95
1771667362593 9.920000000000008e-05 96
1771667363431 7.940000000000006e-05 97
1771667364257 5.9600000000000046e-05 98
