1771946373998 0.19598 0
1771946394689 0.16247 1
1771946414876 0.10653 2
1771946434962 0.12182 3
1771946455221 0.1683 4
1771946475177 0.18056 5
1771946495111 0.30771 6
1771946514959 0.30704 7
1771946534855 0.30117 8
1771946554945 0.3127 9
1771946574993 0.30293 10
1771946595141 0.34262 11
1771946614960 0.30606 12
1771946634916 0.35631 13
1771946654883 0.36915 14
1771946674840 0.36365 15
1771946694659 0.38212 16
1771946714428 0.39511 17
1771946734145 0.42533 18
1771946753944 0.387 19
1771946773727 0.39162 20
1771946793619 0.41342 21
1771946813746 0.43584 22
1771946833575 0.39929 23
1771946853234 0.41761 24
1771946872912 0.44342 25
1771946892619 0.4203 26
1771946912404 0.42025 27
1771946932114 0.44611 28
1771946951943 0.43805 29
1771946971853 0.46428 30
1771946991533 0.46461 31
1771947011180 0.45812 32
1771947030913 0.45519 33
1771947050652 0.47299 34
1771947070546 0.47849 35
1771947090514 0.44293 36
1771947110222 0.47408 37
1771947130166 0.41637 38
1771947150627 0.47099 39
1771947171232 0.4804 40
1771947191641 0.48743 41
1771947212027 0.48195 42
1771947232592 0.48315 43
1771947253192 0.49022 44
1771947273581 0.47463 45
1771947294137 0.47804 46
1771947314865 0.48961 47
1771947335433 0.49516 48
1771947356006 0.48364 49
1771947376477 0.49149 50
1771947396788 0.49401 51
1771947417012 0.51124 52
1771947437374 0.50367 53
1771947457820 0.49482 54
1771947477994 0.49877 55
1771947497848 0.4828 56
1771947517822 0.5019 57
1771947537586 0.50921 58
1771947557037 0.49769 59
1771947576329 0.5061 60
1771947595612 0.5028 61
1771947614936 0.50671 62
1771947634302 0.51981 63
1771947653616 0.49979 64
1771947672966 0.5175 65
1771947692318 0.51638 66
1771947711637 0.51097 67
1771947730910 0.52402 68
1771947750215 0.52134 69
1771947769555 0.52429 70
1771947788865 0.50408 71
1771947808123 0.5168 72
1771947827443 0.51817 73
1771947846748 0.52932 74
1771947866053 0.52612 75
1771947885334 0.52132 76
1771947904688 0.5327 77
1771947923989 0.53117 78
1771947943277 0.53826 79
1771947962537 0.53094 80
1771947981762 0.53538 81
1771948001035 0.5257 82
1771948020287 0.52819 83
1771948039549 0.53394 84
1771948058812 0.53191 85
1771948078070 0.5236 86
1771948097492 0.53185 87
1771948117008 0.53658 88
1771948136532 0.53734 89
1771948156199 0.52487 90
1771948175560 0.52466 91
1771948194837 0.53046 92
1771948214159 0.52858 93
1771948233422 0.52974 94
1771948252703 0.53087 95
1771948271967 0.52787 96
1771948291205 0.53281 97
1771948310526 0.53182 98
1771948329780 0.53215 99
1771948336189 0.5376365900397876 99
