1771946373998 0.08319 0
1771946394689 0.06456 1
1771946414876 0.04018 2
1771946434962 0.0469 3
1771946455221 0.06829 4
1771946475177 0.07191 5
1771946495111 0.14445 6
1771946514959 0.14494 7
1771946534855 0.14367 8
1771946554945 0.14194 9
1771946574993 0.14417 10
1771946595141 0.15957 11
1771946614960 0.1498 12
1771946634916 0.1674 13
1771946654883 0.18004 14
1771946674840 0.18794 15
1771946694659 0.19881 16
1771946714428 0.20878 17
1771946734145 0.23034 18
1771946753944 0.19584 19
1771946773727 0.20585 20
1771946793619 0.21359 21
1771946813746 0.23295 22
1771946833575 0.21296 23
1771946853234 0.21825 24
1771946872912 0.24205 25
1771946892619 0.23326 26
1771946912404 0.21976 27
1771946932114 0.23967 28
1771946951943 0.24614 29
1771946971853 0.24921 30
1771946991533 0.25476 31
1771947011180 0.24964 32
1771947030913 0.24411 33
1771947050652 0.26507 34
1771947070546 0.26224 35
1771947090514 0.24607 36
1771947110222 0.26129 37
1771947130166 0.22212 38
1771947150627 0.25949 39
1771947171232 0.26375 40
1771947191641 0.2769 41
1771947212027 0.26927 42
1771947232592 0.27293 43
1771947253192 0.2726 44
1771947273581 0.26387 45
1771947294137 0.27463 46
1771947314865 0.27602 47
1771947335433 0.28485 48
1771947356006 0.2745 49
1771947376477 0.27805 50
1771947396788 0.27534 51
1771947417012 0.29151 52
1771947437374 0.28937 53
1771947457820 0.27487 54
1771947477994 0.2847 55
1771947497848 0.26664 56
1771947517822 0.28084 57
1771947537586 0.28841 58
1771947557037 0.28439 59
1771947576329 0.28586 60
1771947595612 0.28554 61
1771947614936 0.2889 62
1771947634302 0.29546 63
1771947653616 0.28467 64
1771947672966 0.29279 65
1771947692318 0.29227 66
1771947711637 0.29066 67
1771947730910 0.29984 68
1771947750215 0.30008 69
1771947769555 0.29596 70
1771947788865 0.29103 71
1771947808123 0.29551 72
1771947827443 0.29626 73
1771947846748 0.30652 74
1771947866053 0.30241 75
1771947885334 0.29704 76
1771947904688 0.30647 77
1771947923989 0.3063 78
1771947943277 0.30856 79
1771947962537 0.30369 80
1771947981762 0.3069 81
1771948001035 0.29845 82
1771948020287 0.30224 83
1771948039549 0.3055 84
1771948058812 0.3058 85
1771948078070 0.30056 86
1771948097492 0.30569 87
1771948117008 0.30813 88
1771948136532 0.31126 89
1771948156199 0.29904 90
1771948175560 0.29868 91
1771948194837 0.30447 92
1771948214159 0.30498 93
1771948233422 0.30611 94
1771948252703 0.30583 95
1771948271967 0.30425 96
1771948291205 0.3093 97
1771948310526 0.30735 98
1771948329780 0.30649 99
1771948336189 0.3118523315066501 99
