1771946373998 0.518 0
1771946394689 0.25321 1
1771946414876 0.18882 2
1771946434962 0.21502 3
1771946455221 0.28674 4
1771946475177 0.28155 5
1771946495111 0.45595 6
1771946514959 0.46559 7
1771946534855 0.4652 8
1771946554945 0.41607 9
1771946574993 0.39476 10
1771946595141 0.49728 11
1771946614960 0.47995 12
1771946634916 0.47099 13
1771946654883 0.55317 14
1771946674840 0.49264 15
1771946694659 0.53508 16
1771946714428 0.59455 17
1771946734145 0.55114 18
1771946753944 0.51723 19
1771946773727 0.53941 20
1771946793619 0.58277 21
1771946813746 0.62019 22
1771946833575 0.57112 23
1771946853234 0.55521 24
1771946872912 0.63817 25
1771946892619 0.51436 26
1771946912404 0.61514 27
1771946932114 0.58729 28
1771946951943 0.59665 29
1771946971853 0.61067 30
1771946991533 0.61081 31
1771947011180 0.59524 32
1771947030913 0.61378 33
1771947050652 0.61427 34
1771947070546 0.62591 35
1771947090514 0.58713 36
1771947110222 0.61707 37
1771947130166 0.57244 38
1771947150627 0.63065 39
1771947171232 0.66325 40
1771947191641 0.64308 41
1771947212027 0.63539 42
1771947232592 0.63098 43
1771947253192 0.64414 44
1771947273581 0.65422 45
1771947294137 0.64247 46
1771947314865 0.63658 47
1771947335433 0.64703 48
1771947356006 0.64426 49
1771947376477 0.62613 50
1771947396788 0.66945 51
1771947417012 0.69702 52
1771947437374 0.68318 53
1771947457820 0.66966 54
1771947477994 0.66135 55
1771947497848 0.6274 56
1771947517822 0.6489 57
1771947537586 0.67057 58
1771947557037 0.67707 59
1771947576329 0.68303 60
1771947595612 0.67356 61
1771947614936 0.69808 62
1771947634302 0.69883 63
1771947653616 0.724 64
1771947672966 0.68275 65
1771947692318 0.69741 66
1771947711637 0.72145 67
1771947730910 0.70844 68
1771947750215 0.71187 69
1771947769555 0.66259 70
1771947788865 0.66787 71
1771947808123 0.70719 72
1771947827443 0.71005 73
1771947846748 0.71587 74
1771947866053 0.71153 75
1771947885334 0.67091 76
1771947904688 0.69028 77
1771947923989 0.70166 78
1771947943277 0.70119 79
1771947962537 0.72425 80
1771947981762 0.69822 81
1771948001035 0.71302 82
1771948020287 0.74774 83
1771948039549 0.72253 84
1771948058812 0.72505 85
1771948078070 0.71919 86
1771948097492 0.72336 87
1771948117008 0.70871 88
1771948136532 0.71883 89
1771948156199 0.71054 90
1771948175560 0.73629 91
1771948194837 0.72068 92
1771948214159 0.76735 93
1771948233422 0.7348 94
1771948252703 0.73422 95
1771948271967 0.7539 96
1771948291205 0.76183 97
1771948310526 0.78042 98
1771948329780 0.77674 99
1771948336189 0.7195936329675838 99
