1771946373998 0.14918 0
1771946394689 0.25015 1
1771946414876 0.19872 2
1771946434962 0.2161 3
1771946455221 0.28594 4
1771946475177 0.24552 5
1771946495111 0.33097 6
1771946514959 0.31742 7
1771946534855 0.32573 8
1771946554945 0.334 9
1771946574993 0.31717 10
1771946595141 0.32689 11
1771946614960 0.28902 12
1771946634916 0.36035 13
1771946654883 0.34831 14
1771946674840 0.35719 15
1771946694659 0.35331 16
1771946714428 0.36765 17
1771946734145 0.39349 18
1771946753944 0.38234 19
1771946773727 0.37135 20
1771946793619 0.38673 21
1771946813746 0.38748 22
1771946833575 0.36955 23
1771946853234 0.37635 24
1771946872912 0.38888 25
1771946892619 0.40154 26
1771946912404 0.3879 27
1771946932114 0.41985 28
1771946951943 0.38299 29
1771946971853 0.42335 30
1771946991533 0.41213 31
1771947011180 0.41285 32
1771947030913 0.4241 33
1771947050652 0.42993 34
1771947070546 0.41796 35
1771947090514 0.41638 36
1771947110222 0.42213 37
1771947130166 0.39068 38
1771947150627 0.41437 39
1771947171232 0.42413 40
1771947191641 0.43954 41
1771947212027 0.43396 42
1771947232592 0.4266 43
1771947253192 0.42078 44
1771947273581 0.42321 45
1771947294137 0.42222 46
1771947314865 0.43311 47
1771947335433 0.43583 48
1771947356006 0.43105 49
1771947376477 0.43259 50
1771947396788 0.43037 51
1771947417012 0.43565 52
1771947437374 0.43992 53
1771947457820 0.43912 54
1771947477994 0.44159 55
1771947497848 0.4301 56
1771947517822 0.45415 57
1771947537586 0.45573 58
1771947557037 0.436 59
1771947576329 0.44787 60
1771947595612 0.4413 61
1771947614936 0.43893 62
1771947634302 0.44321 63
1771947653616 0.41693 64
1771947672966 0.45291 65
1771947692318 0.44664 66
1771947711637 0.42525 67
1771947730910 0.45136 68
1771947750215 0.45074 69
1771947769555 0.46366 70
1771947788865 0.44693 71
1771947808123 0.43779 72
1771947827443 0.43723 73
1771947846748 0.45067 74
1771947866053 0.45836 75
1771947885334 0.45382 76
1771947904688 0.46967 77
1771947923989 0.45899 78
1771947943277 0.46219 79
1771947962537 0.46089 80
1771947981762 0.46929 81
1771948001035 0.44781 82
1771948020287 0.44795 83
1771948039549 0.46633 84
1771948058812 0.45699 85
1771948078070 0.44353 86
1771948097492 0.454 87
1771948117008 0.46331 88
1771948136532 0.45969 89
1771948156199 0.45866 90
1771948175560 0.44828 91
1771948194837 0.45616 92
1771948214159 0.43779 93
1771948233422 0.45124 94
1771948252703 0.45196 95
1771948271967 0.43829 96
1771948291205 0.4382 97
1771948310526 0.43412 98
1771948329780 0.43482 99
1771948336189 0.4596884646867794 99
