1771766545643 1.34584 0
1771766567350 1.5389 1
1771766588700 1.63048 2
1771766611724 1.64154 3
1771766633438 1.62676 4
1771766655605 1.60207 5
1771766677802 1.55725 6
1771766700022 1.56307 7
1771766722195 1.5295 8
1771766744100 1.50945 9
1771766766022 1.49076 10
1771766788017 1.49102 11
1771766809927 1.46597 12
1771766833084 1.45082 13
1771766855079 1.44255 14
1771766877573 1.41483 15
1771766899937 1.42642 16
1771766921864 1.39997 17
1771766944068 1.37191 18
1771766966549 1.38797 19
1771766988883 1.35943 20
1771767011033 1.36159 21
1771767033137 1.35633 22
1771767055350 1.34884 23
1771767077779 1.35765 24
1771767100188 1.34251 25
1771767122764 1.32901 26
1771767145017 1.32885 27
1771767167253 1.31002 28
1771767189375 1.28801 29
1771767211607 1.29727 30
1771767233778 1.28408 31
1771767256149 1.28703 32
1771767278393 1.26187 33
1771767300648 1.26644 34
1771767322761 1.25725 35
1771767345117 1.25406 36
1771767368111 1.24158 37
1771767392019 1.24423 38
1771767421783 1.22701 39
1771767453709 1.2357 40
1771767476051 1.21592 41
1771767498318 1.21968 42
1771767520741 1.19968 43
1771767543994 1.20748 44
1771767566102 1.19273 45
1771767588123 1.19156 46
1771767610177 1.17528 47
1771767632452 1.17549 48
1771767654597 1.17528 49
1771767676662 1.18164 50
1771767698644 1.15814 51
1771767720562 1.15556 52
1771767742549 1.14597 53
1771767764438 1.14119 54
1771767786456 1.16172 55
1771767808569 1.1507 56
1771767830586 1.11959 57
1771767852821 1.11488 58
1771767874883 1.0898 59
1771767896908 1.11167 60
1771767918921 1.11103 61
1771767940893 1.10094 62
1771767962800 1.09572 63
1771767984661 1.0889 64
1771768006287 1.07378 65
1771768027800 1.08777 66
1771768049471 1.06852 67
1771768071445 1.07078 68
1771768093672 1.05488 69
1771768115951 1.03158 70
1771768137662 1.0194 71
1771768159376 1.00686 72
1771768181098 0.99268 73
1771768202724 0.99385 74
1771768223850 0.97912 75
1771768244966 0.9785 76
1771768265954 0.9711 77
1771768286923 0.96447 78
1771768307900 0.95511 79
