1771766545643 2.09585 0
1771766567350 1.76807 1
1771766588700 1.80059 2
1771766611724 1.79496 3
1771766633438 1.75462 4
1771766655605 1.68421 5
1771766677802 1.64364 6
1771766700022 1.61453 7
1771766722195 1.55985 8
1771766744100 1.54866 9
1771766766022 1.52619 10
1771766788017 1.50768 11
1771766809927 1.44787 12
1771766833084 1.44631 13
1771766855079 1.41154 14
1771766877573 1.3868 15
1771766899937 1.39936 16
1771766921864 1.34952 17
1771766944068 1.33562 18
1771766966549 1.3503 19
1771766988883 1.31902 20
1771767011033 1.29858 21
1771767033137 1.30204 22
1771767055350 1.29753 23
1771767077779 1.2785 24
1771767100188 1.2795 25
1771767122764 1.23992 26
1771767145017 1.24435 27
1771767167253 1.23877 28
1771767189375 1.18263 29
1771767211607 1.19622 30
1771767233778 1.17111 31
1771767256149 1.17357 32
1771767278393 1.15571 33
1771767300648 1.15244 34
1771767322761 1.12979 35
1771767345117 1.15009 36
1771767368111 1.13487 37
1771767392019 1.12068 38
1771767421783 1.08963 39
1771767453709 1.11564 40
1771767476051 1.09619 41
1771767498318 1.07976 42
1771767520741 1.07054 43
1771767543994 1.06846 44
1771767566102 1.06623 45
1771767588123 1.04173 46
1771767610177 1.0408 47
1771767632452 1.02848 48
1771767654597 1.0353 49
1771767676662 1.03147 50
1771767698644 0.99527 51
1771767720562 0.9838 52
1771767742549 0.97493 53
1771767764438 0.98272 54
1771767786456 1.00221 55
1771767808569 0.96595 56
1771767830586 0.95924 57
1771767852821 0.9485 58
1771767874883 0.92085 59
1771767896908 0.93178 60
1771767918921 0.92791 61
1771767940893 0.92185 62
1771767962800 0.9089 63
1771767984661 0.89918 64
1771768006287 0.89184 65
1771768027800 0.89895 66
1771768049471 0.88146 67
1771768071445 0.87935 68
1771768093672 0.85604 69
1771768115951 0.8234 70
1771768137662 0.79294 71
1771768159376 0.76871 72
1771768181098 0.76595 73
1771768202724 0.74056 74
1771768223850 0.73748 75
1771768244966 0.74112 76
1771768265954 0.72022 77
1771768286923 0.72114 78
1771768307900 0.71156 79
