1771766545643 1.27951 0
1771766567350 1.41149 1
1771766588700 1.50723 2
1771766611724 1.51581 3
1771766633438 1.5213 4
1771766655605 1.50585 5
1771766677802 1.47198 6
1771766700022 1.47651 7
1771766722195 1.45256 8
1771766744100 1.44921 9
1771766766022 1.43875 10
1771766788017 1.42259 11
1771766809927 1.41001 12
1771766833084 1.39925 13
1771766855079 1.38694 14
1771766877573 1.38591 15
1771766899937 1.38963 16
1771766921864 1.37046 17
1771766944068 1.35823 18
1771766966549 1.36397 19
1771766988883 1.33675 20
1771767011033 1.34058 21
1771767033137 1.33698 22
1771767055350 1.32642 23
1771767077779 1.32666 24
1771767100188 1.33541 25
1771767122764 1.31283 26
1771767145017 1.31224 27
1771767167253 1.30818 28
1771767189375 1.27609 29
1771767211607 1.29605 30
1771767233778 1.28222 31
1771767256149 1.27896 32
1771767278393 1.27514 33
1771767300648 1.28072 34
1771767322761 1.25779 35
1771767345117 1.26585 36
1771767368111 1.25223 37
1771767392019 1.25755 38
1771767421783 1.24371 39
1771767453709 1.24947 40
1771767476051 1.24718 41
1771767498318 1.23937 42
1771767520741 1.231 43
1771767543994 1.22599 44
1771767566102 1.22775 45
1771767588123 1.2239 46
1771767610177 1.21647 47
1771767632452 1.21148 48
1771767654597 1.21321 49
1771767676662 1.22393 50
1771767698644 1.19253 51
1771767720562 1.20058 52
1771767742549 1.20047 53
1771767764438 1.18696 54
1771767786456 1.20524 55
1771767808569 1.19283 56
1771767830586 1.17721 57
1771767852821 1.1789 58
1771767874883 1.16386 59
1771767896908 1.16605 60
1771767918921 1.16859 61
1771767940893 1.16181 62
1771767962800 1.16425 63
1771767984661 1.15178 64
1771768006287 1.14625 65
1771768027800 1.1545 66
1771768049471 1.15095 67
1771768071445 1.148 68
1771768093672 1.14154 69
1771768115951 1.1045 70
1771768137662 1.10362 71
1771768159376 1.09689 72
1771768181098 1.09531 73
1771768202724 1.08097 74
1771768223850 1.07833 75
1771768244966 1.0829 76
1771768265954 1.06896 77
1771768286923 1.06459 78
1771768307900 1.07081 79
