1771768344701 0.15361 0
1771768366613 0.09351 1
1771768388102 0.09755 2
1771768409454 0.10652 3
1771768430798 0.15699 4
1771768452401 0.14923 5
1771768473787 0.17081 6
1771768495229 0.1565 7
1771768516762 0.16716 8
1771768538474 0.17782 9
1771768559827 0.19659 10
1771768581106 0.20636 11
1771768602401 0.19636 12
1771768623869 0.20296 13
1771768645280 0.20398 14
1771768666576 0.21638 15
1771768688501 0.21244 16
1771768710302 0.20575 17
1771768731624 0.21283 18
1771768752946 0.22997 19
1771768774287 0.22609 20
1771768795641 0.23235 21
1771768816965 0.23515 22
1771768838267 0.23143 23
1771768859553 0.22706 24
1771768880804 0.23605 25
1771768902148 0.23326 26
1771768923472 0.24697 27
1771768944950 0.24692 28
1771768966148 0.24837 29
1771768987406 0.25299 30
1771769008642 0.2366 31
1771769029864 0.25622 32
1771769051111 0.25867 33
1771769072391 0.25027 34
1771769093601 0.25364 35
1771769114851 0.25158 36
1771769136165 0.25276 37
1771769157414 0.26591 38
1771769178709 0.26915 39
1771769199902 0.26612 40
1771769221081 0.26544 41
1771769242295 0.26974 42
1771769263471 0.26894 43
1771769284726 0.2758 44
1771769305923 0.27261 45
1771769327125 0.27842 46
1771769348354 0.27959 47
1771769369602 0.28232 48
1771769390826 0.28314 49
1771769412005 0.28039 50
1771769433258 0.28247 51
1771769454455 0.27798 52
1771769475701 0.26934 53
1771769496933 0.28081 54
1771769518210 0.28926 55
1771769539440 0.28728 56
1771769560634 0.28122 57
1771769581841 0.29283 58
1771769603016 0.29123 59
1771769624217 0.28574 60
1771769645418 0.28715 61
1771769666620 0.2863 62
1771769687817 0.29584 63
1771769709011 0.29514 64
1771769730214 0.29249 65
1771769751436 0.29739 66
1771769772646 0.29723 67
1771769793932 0.29898 68
1771769815075 0.29924 69
1771769836345 0.29536 70
1771769857281 0.29553 71
1771769878124 0.293 72
1771769898955 0.29371 73
1771769919808 0.29516 74
1771769940655 0.29826 75
1771769961518 0.3 76
1771769982374 0.297 77
1771770003237 0.30103 78
1771770024081 0.30027 79
1771770028073 0.3008872086363261 79
