1771768344701 0.2861 0
1771768366613 0.20181 1
1771768388102 0.21772 2
1771768409454 0.23145 3
1771768430798 0.30686 4
1771768452401 0.30182 5
1771768473787 0.33846 6
1771768495229 0.3133 7
1771768516762 0.31667 8
1771768538474 0.35025 9
1771768559827 0.37943 10
1771768581106 0.3901 11
1771768602401 0.36608 12
1771768623869 0.38756 13
1771768645280 0.37921 14
1771768666576 0.39617 15
1771768688501 0.40012 16
1771768710302 0.38098 17
1771768731624 0.39195 18
1771768752946 0.41893 19
1771768774287 0.40478 20
1771768795641 0.41687 21
1771768816965 0.42783 22
1771768838267 0.41649 23
1771768859553 0.41071 24
1771768880804 0.41847 25
1771768902148 0.41889 26
1771768923472 0.44309 27
1771768944950 0.44383 28
1771768966148 0.44137 29
1771768987406 0.44364 30
1771769008642 0.42659 31
1771769029864 0.45335 32
1771769051111 0.45266 33
1771769072391 0.44848 34
1771769093601 0.44436 35
1771769114851 0.44822 36
1771769136165 0.45332 37
1771769157414 0.46894 38
1771769178709 0.46824 39
1771769199902 0.46408 40
1771769221081 0.46174 41
1771769242295 0.47299 42
1771769263471 0.47169 43
1771769284726 0.47311 44
1771769305923 0.47485 45
1771769327125 0.48821 46
1771769348354 0.48512 47
1771769369602 0.49479 48
1771769390826 0.50127 49
1771769412005 0.48702 50
1771769433258 0.47907 51
1771769454455 0.4807 52
1771769475701 0.47677 53
1771769496933 0.49055 54
1771769518210 0.49663 55
1771769539440 0.50213 56
1771769560634 0.4898 57
1771769581841 0.50791 58
1771769603016 0.50794 59
1771769624217 0.48916 60
1771769645418 0.49901 61
1771769666620 0.49747 62
1771769687817 0.50857 63
1771769709011 0.51221 64
1771769730214 0.50785 65
1771769751436 0.51154 66
1771769772646 0.51293 67
1771769793932 0.51014 68
1771769815075 0.50857 69
1771769836345 0.50504 70
1771769857281 0.50319 71
1771769878124 0.50452 72
1771769898955 0.5076 73
1771769919808 0.50188 74
1771769940655 0.51103 75
1771769961518 0.51324 76
1771769982374 0.51044 77
1771770003237 0.51591 78
1771770024081 0.51347 79
1771770028073 0.516153702154319 79
