1771768344701 0.67273 0
1771768366613 0.36033 1
1771768388102 0.39298 2
1771768409454 0.37033 3
1771768430798 0.43285 4
1771768452401 0.39574 5
1771768473787 0.45953 6
1771768495229 0.47793 7
1771768516762 0.45926 8
1771768538474 0.4816 9
1771768559827 0.51402 10
1771768581106 0.52253 11
1771768602401 0.46551 12
1771768623869 0.50693 13
1771768645280 0.47624 14
1771768666576 0.55348 15
1771768688501 0.54859 16
1771768710302 0.48787 17
1771768731624 0.5127 18
1771768752946 0.56473 19
1771768774287 0.52601 20
1771768795641 0.56961 21
1771768816965 0.56308 22
1771768838267 0.60265 23
1771768859553 0.49288 24
1771768880804 0.57191 25
1771768902148 0.55555 26
1771768923472 0.57486 27
1771768944950 0.55996 28
1771768966148 0.58539 29
1771768987406 0.56891 30
1771769008642 0.53926 31
1771769029864 0.61074 32
1771769051111 0.59189 33
1771769072391 0.57267 34
1771769093601 0.57739 35
1771769114851 0.59068 36
1771769136165 0.56107 37
1771769157414 0.60622 38
1771769178709 0.62038 39
1771769199902 0.63823 40
1771769221081 0.63423 41
1771769242295 0.60866 42
1771769263471 0.60062 43
1771769284726 0.58319 44
1771769305923 0.62129 45
1771769327125 0.63761 46
1771769348354 0.638 47
1771769369602 0.64748 48
1771769390826 0.63996 49
1771769412005 0.59943 50
1771769433258 0.58151 51
1771769454455 0.61673 52
1771769475701 0.62126 53
1771769496933 0.57549 54
1771769518210 0.63466 55
1771769539440 0.60502 56
1771769560634 0.63271 57
1771769581841 0.62664 58
1771769603016 0.65222 59
1771769624217 0.62104 60
1771769645418 0.63881 61
1771769666620 0.65066 62
1771769687817 0.58791 63
1771769709011 0.62416 64
1771769730214 0.6657 65
1771769751436 0.62034 66
1771769772646 0.61689 67
1771769793932 0.64274 68
1771769815075 0.6802 69
1771769836345 0.66333 70
1771769857281 0.65717 71
1771769878124 0.63981 72
1771769898955 0.61122 73
1771769919808 0.63178 74
1771769940655 0.60858 75
1771769961518 0.61733 76
1771769982374 0.62141 77
1771770003237 0.63105 78
1771770024081 0.62108 79
1771770028073 0.6297339453479991 79
