1771768344701 0.21667 0
1771768366613 0.22107 1
1771768388102 0.24733 2
1771768409454 0.25653 3
1771768430798 0.30369 4
1771768452401 0.33424 5
1771768473787 0.34347 6
1771768495229 0.31775 7
1771768516762 0.30885 8
1771768538474 0.3414 9
1771768559827 0.35956 10
1771768581106 0.38619 11
1771768602401 0.36567 12
1771768623869 0.37039 13
1771768645280 0.38074 14
1771768666576 0.3535 15
1771768688501 0.37918 16
1771768710302 0.39454 17
1771768731624 0.37712 18
1771768752946 0.39848 19
1771768774287 0.38953 20
1771768795641 0.36863 21
1771768816965 0.3994 22
1771768838267 0.38236 23
1771768859553 0.41192 24
1771768880804 0.38425 25
1771768902148 0.38966 26
1771768923472 0.41694 27
1771768944950 0.4129 28
1771768966148 0.40016 29
1771768987406 0.41632 30
1771769008642 0.4041 31
1771769029864 0.40809 32
1771769051111 0.42782 33
1771769072391 0.41666 34
1771769093601 0.41391 35
1771769114851 0.42101 36
1771769136165 0.42307 37
1771769157414 0.42015 38
1771769178709 0.42693 39
1771769199902 0.40664 40
1771769221081 0.39305 41
1771769242295 0.42845 42
1771769263471 0.42739 43
1771769284726 0.45189 44
1771769305923 0.43144 45
1771769327125 0.43975 46
1771769348354 0.43661 47
1771769369602 0.43516 48
1771769390826 0.455 49
1771769412005 0.44831 50
1771769433258 0.44665 51
1771769454455 0.43375 52
1771769475701 0.4234 53
1771769496933 0.47135 54
1771769518210 0.43739 55
1771769539440 0.4618 56
1771769560634 0.43969 57
1771769581841 0.45972 58
1771769603016 0.45942 59
1771769624217 0.45703 60
1771769645418 0.44166 61
1771769666620 0.43637 62
1771769687817 0.47572 63
1771769709011 0.46855 64
1771769730214 0.45517 65
1771769751436 0.47686 66
1771769772646 0.46197 67
1771769793932 0.46681 68
1771769815075 0.43628 69
1771769836345 0.45915 70
1771769857281 0.44233 71
1771769878124 0.45702 72
1771769898955 0.46666 73
1771769919808 0.4504 74
1771769940655 0.47432 75
1771769961518 0.46773 76
1771769982374 0.46636 77
1771770003237 0.47151 78
1771770024081 0.46823 79
1771770028073 0.468806353169649 79
