1771771760721 0.03619 0
1771771782562 0.01786 1
1771771804359 0.01496 2
1771771825597 0.03735 3
1771771846884 0.04581 4
1771771868473 0.06018 5
1771771889769 0.05369 6
1771771911122 0.06909 7
1771771932360 0.07018 8
1771771953649 0.07087 9
1771771974923 0.07847 10
1771771996158 0.08417 11
1771772017442 0.08207 12
1771772038734 0.07655 13
1771772059975 0.08648 14
1771772081251 0.09316 15
1771772102495 0.08712 16
1771772123756 0.09531 17
1771772144989 0.09974 18
1771772166176 0.09137 19
1771772187461 0.09826 20
1771772208685 0.10747 21
1771772229934 0.09635 22
1771772251161 0.09773 23
1771772272411 0.09778 24
1771772293641 0.106 25
1771772314878 0.10652 26
1771772336047 0.09344 27
1771772357289 0.1079 28
1771772378489 0.10556 29
1771772399734 0.11265 30
1771772420980 0.11184 31
1771772442211 0.11028 32
1771772463397 0.11186 33
1771772484629 0.1164 34
1771772505823 0.11331 35
1771772527072 0.11526 36
1771772548399 0.11453 37
1771772569603 0.11945 38
1771772590931 0.11105 39
1771772612164 0.11313 40
1771772633369 0.11539 41
1771772654628 0.11934 42
1771772675820 0.11808 43
1771772697044 0.1225 44
1771772718287 0.11993 45
1771772739694 0.1272 46
1771772760932 0.1279 47
1771772782317 0.12424 48
1771772803606 0.12836 49
1771772824897 0.13133 50
1771772846135 0.13022 51
1771772867372 0.12574 52
1771772888614 0.13086 53
1771772909781 0.12545 54
1771772930961 0.12929 55
1771772952188 0.13034 56
1771772973561 0.13094 57
1771772994776 0.13495 58
1771773015967 0.1341 59
1771773037178 0.13373 60
1771773058431 0.13543 61
1771773079661 0.13283 62
1771773100843 0.13567 63
1771773122105 0.13986 64
1771773143293 0.13626 65
1771773164476 0.13747 66
1771773185674 0.13085 67
1771773206950 0.13674 68
1771773228115 0.13776 69
1771773249433 0.13411 70
1771773270358 0.13135 71
1771773291257 0.1354 72
1771773312112 0.13336 73
1771773332967 0.13502 74
1771773353816 0.13454 75
1771773374699 0.13476 76
1771773395552 0.13562 77
1771773416458 0.1371 78
1771773437310 0.13633 79
1771773441220 0.13952725083679024 79
