1771771760721 0.08626 0
1771771782562 0.0547 1
1771771804359 0.04142 2
1771771825597 0.09835 3
1771771846884 0.10636 4
1771771868473 0.14115 5
1771771889769 0.13149 6
1771771911122 0.15631 7
1771771932360 0.15273 8
1771771953649 0.16803 9
1771771974923 0.16986 10
1771771996158 0.1918 11
1771772017442 0.18281 12
1771772038734 0.17028 13
1771772059975 0.19497 14
1771772081251 0.18917 15
1771772102495 0.18833 16
1771772123756 0.20781 17
1771772144989 0.21869 18
1771772166176 0.19351 19
1771772187461 0.20609 20
1771772208685 0.22288 21
1771772229934 0.21404 22
1771772251161 0.20877 23
1771772272411 0.20478 24
1771772293641 0.22256 25
1771772314878 0.21823 26
1771772336047 0.19955 27
1771772357289 0.22727 28
1771772378489 0.21858 29
1771772399734 0.23888 30
1771772420980 0.23208 31
1771772442211 0.22981 32
1771772463397 0.22981 33
1771772484629 0.23561 34
1771772505823 0.23427 35
1771772527072 0.23728 36
1771772548399 0.23366 37
1771772569603 0.24433 38
1771772590931 0.2364 39
1771772612164 0.24023 40
1771772633369 0.24306 41
1771772654628 0.24925 42
1771772675820 0.24758 43
1771772697044 0.25139 44
1771772718287 0.24817 45
1771772739694 0.261 46
1771772760932 0.25859 47
1771772782317 0.25083 48
1771772803606 0.25937 49
1771772824897 0.26203 50
1771772846135 0.25772 51
1771772867372 0.25879 52
1771772888614 0.26007 53
1771772909781 0.24766 54
1771772930961 0.25914 55
1771772952188 0.26906 56
1771772973561 0.26906 57
1771772994776 0.26548 58
1771773015967 0.27122 59
1771773037178 0.26772 60
1771773058431 0.26863 61
1771773079661 0.26523 62
1771773100843 0.26671 63
1771773122105 0.27415 64
1771773143293 0.26909 65
1771773164476 0.2735 66
1771773185674 0.26599 67
1771773206950 0.26788 68
1771773228115 0.27348 69
1771773249433 0.26773 70
1771773270358 0.26361 71
1771773291257 0.26859 72
1771773312112 0.26709 73
1771773332967 0.27162 74
1771773353816 0.27018 75
1771773374699 0.26877 76
1771773395552 0.27053 77
1771773416458 0.27284 78
1771773437310 0.26991 79
1771773441220 0.27399212161671604 79
