1771771760721 0.24288 0
1771771782562 0.18136 1
1771771804359 0.57052 2
1771771825597 0.27611 3
1771771846884 0.32125 4
1771771868473 0.29124 5
1771771889769 0.25973 6
1771771911122 0.37168 7
1771771932360 0.2725 8
1771771953649 0.44431 9
1771771974923 0.34319 10
1771771996158 0.36617 11
1771772017442 0.3342 12
1771772038734 0.36591 13
1771772059975 0.41849 14
1771772081251 0.41064 15
1771772102495 0.39015 16
1771772123756 0.38155 17
1771772144989 0.34991 18
1771772166176 0.33115 19
1771772187461 0.34142 20
1771772208685 0.40359 21
1771772229934 0.38638 22
1771772251161 0.36298 23
1771772272411 0.37286 24
1771772293641 0.4253 25
1771772314878 0.36703 26
1771772336047 0.38077 27
1771772357289 0.40347 28
1771772378489 0.39889 29
1771772399734 0.40492 30
1771772420980 0.36557 31
1771772442211 0.44786 32
1771772463397 0.47628 33
1771772484629 0.41782 34
1771772505823 0.4217 35
1771772527072 0.39787 36
1771772548399 0.39966 37
1771772569603 0.47474 38
1771772590931 0.37128 39
1771772612164 0.38983 40
1771772633369 0.4228 41
1771772654628 0.38436 42
1771772675820 0.44876 43
1771772697044 0.422 44
1771772718287 0.42897 45
1771772739694 0.48298 46
1771772760932 0.44899 47
1771772782317 0.41518 48
1771772803606 0.43081 49
1771772824897 0.47379 50
1771772846135 0.43758 51
1771772867372 0.39849 52
1771772888614 0.41935 53
1771772909781 0.46849 54
1771772930961 0.42835 55
1771772952188 0.44257 56
1771772973561 0.4651 57
1771772994776 0.51194 58
1771773015967 0.42068 59
1771773037178 0.47547 60
1771773058431 0.47447 61
1771773079661 0.46153 62
1771773100843 0.46091 63
1771773122105 0.49809 64
1771773143293 0.48836 65
1771773164476 0.41016 66
1771773185674 0.45524 67
1771773206950 0.47551 68
1771773228115 0.52302 69
1771773249433 0.47933 70
1771773270358 0.46833 71
1771773291257 0.46151 72
1771773312112 0.47358 73
1771773332967 0.4631 74
1771773353816 0.4869 75
1771773374699 0.43043 76
1771773395552 0.45723 77
1771773416458 0.45204 78
1771773437310 0.45329 79
1771773441220 0.4974624948328441 79
