1771771760721 0.10826 0
1771771782562 0.09359 1
1771771804359 0.06882 2
1771771825597 0.1209 3
1771771846884 0.12315 4
1771771868473 0.17068 5
1771771889769 0.17155 6
1771771911122 0.17882 7
1771771932360 0.17823 8
1771771953649 0.18712 9
1771771974923 0.18721 10
1771771996158 0.21601 11
1771772017442 0.20184 12
1771772038734 0.19602 13
1771772059975 0.19419 14
1771772081251 0.19198 15
1771772102495 0.1916 16
1771772123756 0.21503 17
1771772144989 0.24619 18
1771772166176 0.20436 19
1771772187461 0.2199 20
1771772208685 0.22294 21
1771772229934 0.22382 22
1771772251161 0.21952 23
1771772272411 0.22027 24
1771772293641 0.2122 25
1771772314878 0.22533 26
1771772336047 0.21424 27
1771772357289 0.22708 28
1771772378489 0.21686 29
1771772399734 0.24351 30
1771772420980 0.24646 31
1771772442211 0.2309 32
1771772463397 0.22388 33
1771772484629 0.24365 34
1771772505823 0.22991 35
1771772527072 0.25042 36
1771772548399 0.24706 37
1771772569603 0.24715 38
1771772590931 0.25346 39
1771772612164 0.24636 40
1771772633369 0.25451 41
1771772654628 0.26255 42
1771772675820 0.25839 43
1771772697044 0.23978 44
1771772718287 0.24097 45
1771772739694 0.25581 46
1771772760932 0.2557 47
1771772782317 0.24693 48
1771772803606 0.2524 49
1771772824897 0.25608 50
1771772846135 0.26104 51
1771772867372 0.26787 52
1771772888614 0.26917 53
1771772909781 0.24412 54
1771772930961 0.27258 55
1771772952188 0.2816 56
1771772973561 0.25929 57
1771772994776 0.24393 58
1771773015967 0.27436 59
1771773037178 0.25469 60
1771773058431 0.26385 61
1771773079661 0.26832 62
1771773100843 0.25244 63
1771773122105 0.26607 64
1771773143293 0.25594 65
1771773164476 0.28924 66
1771773185674 0.25421 67
1771773206950 0.25781 68
1771773228115 0.25351 69
1771773249433 0.2713 70
1771773270358 0.25821 71
1771773291257 0.26996 72
1771773312112 0.2587 73
1771773332967 0.26968 74
1771773353816 0.26739 75
1771773374699 0.26777 76
1771773395552 0.27194 77
1771773416458 0.27417 78
1771773437310 0.26762 79
1771773441220 0.26579171243653144 79
