1771667926333 1.95324 0
1771667928366 1.4429 1
1771667930137 1.35623 2
1771667931912 1.27734 3
1771667933673 1.26669 4
1771667935426 1.31863 5
1771667937165 1.33918 6
1771667938915 1.30725 7
1771667940654 1.34693 8
1771667942366 1.2802 9
1771667944110 1.30619 10
1771667945832 1.23772 11
1771667947554 1.22356 12
1771667949296 1.26217 13
1771667951057 1.22672 14
1771667952884 1.21008 15
1771667954676 1.15505 16
1771667956456 1.19427 17
1771667958235 1.13025 18
1771667959972 1.15068 19
1771667961701 1.12173 20
1771667963430 1.22304 21
1771667965205 1.12466 22
1771667966993 1.0694 23
1771667968786 1.09651 24
1771667970563 1.10869 25
1771667972346 1.08547 26
1771667974130 1.03034 27
1771667975926 1.0562 28
1771667977664 1.04241 29
1771667979485 1.02931 30
1771667981275 1.01868 31
1771667983014 0.99635 32
1771667984755 1.01628 33
1771667986512 1.0168 34
1771667988261 1.07298 35
1771667990051 1.00474 36
1771667991797 0.98741 37
1771667993546 1.03717 38
1771667995279 0.95011 39
1771667997040 0.97058 40
1771667998769 0.94007 41
1771668000503 0.92397 42
1771668002229 0.89354 43
1771668003952 0.97487 44
1771668005695 0.92743 45
1771668007518 0.93695 46
1771668009306 0.95951 47
1771668011046 0.91873 48
1771668012815 0.94894 49
1771668014548 0.86335 50
1771668016316 0.8841 51
1771668018065 0.85473 52
1771668020227 0.89915 53
1771668021981 0.84265 54
1771668023775 0.89077 55
1771668025536 0.87424 56
1771668027319 0.8759 57
1771668029097 0.88544 58
1771668030847 0.86519 59
1771668032589 0.87764 60
1771668034306 0.84589 61
1771668036036 0.82989 62
1771668037773 0.87876 63
1771668039531 0.85094 64
1771668041275 0.79768 65
1771668043062 0.75691 66
1771668044855 0.7826 67
1771668046734 0.81025 68
1771668048532 0.79269 69
1771668050359 0.77191 70
1771668052121 0.80534 71
1771668053942 0.80904 72
1771668055725 0.801 73
1771668057469 0.78231 74
1771668059233 0.75959 75
1771668061041 0.78465 76
1771668062788 0.7474 77
1771668064549 0.75867 78
1771668066344 0.75651 79
1771668068123 0.77658 80
1771668069891 0.75973 81
1771668071674 0.78861 82
1771668073480 0.7577 83
1771668075256 0.71577 84
1771668077009 0.73323 85
1771668078765 0.73025 86
1771668080532 0.72302 87
1771668082310 0.73541 88
1771668084071 0.71148 89
1771668086195 0.59512 90
1771668087987 0.55375 91
1771668089720 0.5363 92
1771668091449 0.54076 93
1771668093187 0.51736 94
1771668094947 0.54236 95
1771668096684 0.52914 96
1771668098423 0.51351 97
1771668100161 0.53921 98
1771668101912 0.50896 99
