1771667926333 2.84289 0
1771667928366 2.4254 1
1771667930137 1.96436 2
1771667931912 1.66049 3
1771667933673 1.46929 4
1771667935426 1.4554 5
1771667937165 1.34523 6
1771667938915 1.30568 7
1771667940654 1.29267 8
1771667942366 1.29442 9
1771667944110 1.36122 10
1771667945832 1.28683 11
1771667947554 1.20045 12
1771667949296 1.19974 13
1771667951057 1.1341 14
1771667952884 1.12678 15
1771667954676 1.07548 16
1771667956456 1.12908 17
1771667958235 1.03812 18
1771667959972 1.00405 19
1771667961701 0.99001 20
1771667963430 1.11407 21
1771667965205 1.03659 22
1771667966993 0.98796 23
1771667968786 0.98845 24
1771667970563 0.9499 25
1771667972346 0.90913 26
1771667974130 0.89683 27
1771667975926 0.87995 28
1771667977664 0.87665 29
1771667979485 0.88751 30
1771667981275 0.82637 31
1771667983014 0.82993 32
1771667984755 0.82369 33
1771667986512 0.82655 34
1771667988261 0.86421 35
1771667990051 0.82304 36
1771667991797 0.81145 37
1771667993546 0.81575 38
1771667995279 0.80226 39
1771667997040 0.78057 40
1771667998769 0.78448 41
1771668000503 0.74847 42
1771668002229 0.72535 43
1771668003952 0.75015 44
1771668005695 0.73517 45
1771668007518 0.74772 46
1771668009306 0.74107 47
1771668011046 0.72093 48
1771668012815 0.73036 49
1771668014548 0.68313 50
1771668016316 0.67523 51
1771668018065 0.67151 52
1771668020227 0.67194 53
1771668021981 0.68086 54
1771668023775 0.69313 55
1771668025536 0.69287 56
1771668027319 0.68831 57
1771668029097 0.68509 58
1771668030847 0.66834 59
1771668032589 0.68628 60
1771668034306 0.64567 61
1771668036036 0.63796 62
1771668037773 0.67735 63
1771668039531 0.64351 64
1771668041275 0.6012 65
1771668043062 0.59711 66
1771668044855 0.63651 67
1771668046734 0.60209 68
1771668048532 0.59061 69
1771668050359 0.59317 70
1771668052121 0.58759 71
1771668053942 0.59801 72
1771668055725 0.59839 73
1771668057469 0.59739 74
1771668059233 0.59352 75
1771668061041 0.59749 76
1771668062788 0.56599 77
1771668064549 0.56969 78
1771668066344 0.5588 79
1771668068123 0.59707 80
1771668069891 0.56219 81
1771668071674 0.58277 82
1771668073480 0.57781 83
1771668075256 0.53927 84
1771668077009 0.54838 85
1771668078765 0.53355 86
1771668080532 0.54777 87
1771668082310 0.54148 88
1771668084071 0.54384 89
1771668086195 0.53515 90
1771668087987 0.45848 91
1771668089720 0.43033 92
1771668091449 0.4521 93
1771668093187 0.42639 94
1771668094947 0.43627 95
1771668096684 0.41892 96
1771668098423 0.4091 97
1771668100161 0.41032 98
1771668101912 0.39927 99
