1771667926333 1.97433 0
1771667928366 1.44139 1
1771667930137 1.38393 2
1771667931912 1.3667 3
1771667933673 1.31614 4
1771667935426 1.35093 5
1771667937165 1.35479 6
1771667938915 1.27171 7
1771667940654 1.29784 8
1771667942366 1.28235 9
1771667944110 1.35608 10
1771667945832 1.30544 11
1771667947554 1.28001 12
1771667949296 1.29941 13
1771667951057 1.24224 14
1771667952884 1.25067 15
1771667954676 1.21353 16
1771667956456 1.24762 17
1771667958235 1.21307 18
1771667959972 1.21802 19
1771667961701 1.17552 20
1771667963430 1.24332 21
1771667965205 1.222 22
1771667966993 1.17317 23
1771667968786 1.22174 24
1771667970563 1.17511 25
1771667972346 1.18084 26
1771667974130 1.13827 27
1771667975926 1.16883 28
1771667977664 1.13124 29
1771667979485 1.12945 30
1771667981275 1.12373 31
1771667983014 1.12542 32
1771667984755 1.12398 33
1771667986512 1.15614 34
1771667988261 1.1556 35
1771667990051 1.1339 36
1771667991797 1.11025 37
1771667993546 1.13976 38
1771667995279 1.10126 39
1771667997040 1.12054 40
1771667998769 1.11992 41
1771668000503 1.10647 42
1771668002229 1.07869 43
1771668003952 1.11577 44
1771668005695 1.08498 45
1771668007518 1.09013 46
1771668009306 1.11883 47
1771668011046 1.09971 48
1771668012815 1.12672 49
1771668014548 1.07647 50
1771668016316 1.05741 51
1771668018065 1.05183 52
1771668020227 1.08185 53
1771668021981 1.05354 54
1771668023775 1.05721 55
1771668025536 1.07137 56
1771668027319 1.04527 57
1771668029097 1.08406 58
1771668030847 1.06278 59
1771668032589 1.07656 60
1771668034306 1.04649 61
1771668036036 1.04584 62
1771668037773 1.09048 63
1771668039531 1.05635 64
1771668041275 1.04232 65
1771668043062 1.02031 66
1771668044855 1.02273 67
1771668046734 1.02647 68
1771668048532 1.0337 69
1771668050359 1.02098 70
1771668052121 1.0341 71
1771668053942 1.04397 72
1771668055725 1.04796 73
1771668057469 1.04879 74
1771668059233 1.0296 75
1771668061041 1.03115 76
1771668062788 1.03369 77
1771668064549 1.00366 78
1771668066344 1.00996 79
1771668068123 1.05352 80
1771668069891 1.03588 81
1771668071674 1.01603 82
1771668073480 1.01385 83
1771668075256 0.99364 84
1771668077009 1.00518 85
1771668078765 1.00248 86
1771668080532 1.01351 87
1771668082310 1.00245 88
1771668084071 1.00357 89
1771668086195 0.93044 90
1771668087987 0.92408 91
1771668089720 0.90754 92
1771668091449 0.925 93
1771668093187 0.88252 94
1771668094947 0.92079 95
1771668096684 0.904 96
1771668098423 0.8925 97
1771668100161 0.91193 98
1771668101912 0.89996 99
