1771666988619 0.00014000000000000001 0
1771666990949 0.00029703 1
1771666992701 0.000450892 2
1771666994480 0.000601586 3
1771666996190 0.000749112 4
1771666997884 0.0008934700000000002 5
1771666999593 0.00103466 6
1771667001291 0.0011726820000000002 7
1771667003007 0.001307536 8
1771667004731 0.001439222 9
1771667006471 0.00156774 10
1771667008201 0.00169309 11
1771667009934 0.0017624 12
1771667011638 0.0017426 13
1771667013343 0.0017228 14
1771667015053 0.001703 15
1771667016792 0.0016832000000000001 16
1771667018562 0.0016634 17
1771667020282 0.0016436000000000003 18
1771667022021 0.0016238000000000001 19
1771667023745 0.0016040000000000002 20
1771667025452 0.0015842 21
1771667027192 0.0015644 22
1771667028920 0.0015446 23
1771667030620 0.0015248 24
1771667032334 0.0015049999999999998 25
1771667034053 0.0014852 26
1771667035764 0.0014654000000000002 27
1771667037491 0.0014456 28
1771667039194 0.0014258 29
1771667040928 0.001406 30
1771667042642 0.0013862 31
1771667044379 0.0013663999999999998 32
1771667046089 0.0013465999999999999 33
1771667047794 0.0013267999999999997 34
1771667049489 0.001307 35
1771667051172 0.0012872 36
1771667052866 0.0012674000000000001 37
1771667054553 0.0012476 38
1771667056245 0.0012278 39
1771667057935 0.001208 40
1771667059630 0.0011882000000000002 41
1771667061327 0.0011684000000000002 42
1771667063031 0.0011486 43
1771667064725 0.0011288000000000001 44
1771667066425 0.001109 45
1771667068119 0.0010892000000000002 46
1771667069816 0.0010694 47
1771667071508 0.0010496000000000001 48
1771667073201 0.0010298 49
1771667074892 0.00101 50
1771667076635 0.0009901999999999999 51
1771667078414 0.0009704 52
1771667080178 0.0009506 53
1771667081915 0.0009308 54
1771667083641 0.0009109999999999999 55
1771667085368 0.0008911999999999999 56
1771667087138 0.0008714 57
1771667088877 0.0008516000000000001 58
1771667090590 0.0008318000000000002 59
1771667092300 0.0008120000000000001 60
1771667094013 0.0007922000000000001 61
1771667095749 0.0007724 62
1771667097469 0.0007526000000000001 63
1771667099203 0.0007328 64
1771667100942 0.000713 65
1771667102664 0.0006931999999999999 66
1771667104378 0.0006733999999999999 67
1771667106100 0.0006536 68
1771667107820 0.0006338000000000001 69
1771667109547 0.0006140000000000001 70
1771667111285 0.0005942 71
1771667113013 0.0005744000000000001 72
1771667114727 0.0005546000000000001 73
1771667116450 0.0005348000000000001 74
1771667118152 0.000515 75
1771667119887 0.0004952 76
1771667121637 0.0004754 77
1771667123384 0.00045559999999999996 78
1771667125131 0.00043579999999999997 79
1771667126900 0.0004159999999999999 80
1771667128639 0.00039619999999999987 81
1771667130368 0.00037640000000000015 82
1771667132094 0.0003566000000000001 83
1771667133829 0.0003368000000000001 84
1771667135603 0.00031700000000000006 85
1771667137336 0.0002972 86
1771667139082 0.0002774 87
1771667140821 0.00025760000000000003 88
1771667142567 0.00023779999999999995 89
1771667144649 0.00021799999999999996 90
1771667146424 0.00019819999999999994 91
1771667148133 0.00017839999999999992 92
1771667149834 0.00015859999999999987 93
1771667151572 0.0001388000000000001 94
1771667153286 0.0001190000000000001 95
1771667155017 9.920000000000008e-05 96
1771667156726 7.940000000000006e-05 97
1771667158447 5.9600000000000046e-05 98
1771667160172 3.980000000000002e-05 99
