1771771757950 1.96599 0
1771771779954 2.04434 1
1771771801399 2.09768 2
1771771823085 2.06305 3
1771771844313 2.04731 4
1771771865588 2.00333 5
1771771887222 1.99128 6
1771771908537 1.97218 7
1771771929842 1.92699 8
1771771951111 1.92046 9
1771771972388 1.89705 10
1771771993627 1.90192 11
1771772014885 1.87747 12
1771772036189 1.85061 13
1771772057457 1.872 14
1771772078666 1.82222 15
1771772099990 1.81105 16
1771772121211 1.80305 17
1771772142467 1.80004 18
1771772163689 1.80706 19
1771772184925 1.77816 20
1771772206176 1.77265 21
1771772227448 1.75234 22
1771772248675 1.77017 23
1771772269912 1.7416 24
1771772291137 1.74667 25
1771772312414 1.72762 26
1771772333570 1.73376 27
1771772354791 1.72568 28
1771772375998 1.69076 29
1771772397230 1.70383 30
1771772418483 1.67646 31
1771772439705 1.67868 32
1771772460915 1.66276 33
1771772482109 1.66718 34
1771772503333 1.66344 35
1771772524581 1.68021 36
1771772545895 1.65378 37
1771772567118 1.64167 38
1771772588435 1.63828 39
1771772609667 1.63899 40
1771772630868 1.60282 41
1771772652126 1.61167 42
1771772673337 1.60359 43
1771772694559 1.61138 44
1771772715790 1.60321 45
1771772737004 1.58907 46
1771772758411 1.55316 47
1771772779712 1.59178 48
1771772801113 1.56738 49
1771772822354 1.56428 50
1771772843665 1.55037 51
1771772864897 1.56779 52
1771772886139 1.51881 53
1771772907310 1.50907 54
1771772928474 1.5382 55
1771772949737 1.52669 56
1771772970944 1.51515 57
1771772992278 1.48797 58
1771773013485 1.47279 59
1771773034716 1.49434 60
1771773055920 1.48937 61
1771773077185 1.46801 62
1771773098353 1.45096 63
1771773119600 1.46277 64
1771773140840 1.44478 65
1771773162006 1.45106 66
1771773183203 1.43595 67
1771773204416 1.44501 68
1771773225653 1.41362 69
1771773246923 1.48073 70
1771773267895 1.45206 71
1771773288792 1.42824 72
1771773309655 1.42039 73
1771773330518 1.38843 74
1771773351366 1.39104 75
1771773372234 1.39593 76
1771773393101 1.3804 77
1771773413985 1.37278 78
1771773434859 1.36336 79
