1771771757950 2.7229 0
1771771779954 2.3736 1
1771771801399 2.35799 2
1771771823085 2.32251 3
1771771844313 2.26433 4
1771771865588 2.21693 5
1771771887222 2.21163 6
1771771908537 2.17546 7
1771771929842 2.10862 8
1771771951111 2.08166 9
1771771972388 2.05343 10
1771771993627 2.05471 11
1771772014885 2.00495 12
1771772036189 1.98272 13
1771772057457 1.99321 14
1771772078666 1.94142 15
1771772099990 1.92111 16
1771772121211 1.88008 17
1771772142467 1.87124 18
1771772163689 1.89741 19
1771772184925 1.85478 20
1771772206176 1.84602 21
1771772227448 1.82861 22
1771772248675 1.85787 23
1771772269912 1.80112 24
1771772291137 1.82622 25
1771772312414 1.78683 26
1771772333570 1.78052 27
1771772354791 1.77404 28
1771772375998 1.70975 29
1771772397230 1.71844 30
1771772418483 1.70021 31
1771772439705 1.69124 32
1771772460915 1.6816 33
1771772482109 1.67365 34
1771772503333 1.65545 35
1771772524581 1.67564 36
1771772545895 1.64523 37
1771772567118 1.61677 38
1771772588435 1.60168 39
1771772609667 1.62654 40
1771772630868 1.58928 41
1771772652126 1.58076 42
1771772673337 1.56818 43
1771772694559 1.57193 44
1771772715790 1.58039 45
1771772737004 1.54268 46
1771772758411 1.50575 47
1771772779712 1.52323 48
1771772801113 1.51249 49
1771772822354 1.50846 50
1771772843665 1.46491 51
1771772864897 1.47329 52
1771772886139 1.44338 53
1771772907310 1.44875 54
1771772928474 1.47078 55
1771772949737 1.4313 56
1771772970944 1.42157 57
1771772992278 1.41578 58
1771773013485 1.38988 59
1771773034716 1.38201 60
1771773055920 1.37891 61
1771773077185 1.3716 62
1771773098353 1.34452 63
1771773119600 1.3562 64
1771773140840 1.34058 65
1771773162006 1.35277 66
1771773183203 1.32126 67
1771773204416 1.33593 68
1771773225653 1.27032 69
1771773246923 1.31702 70
1771773267895 1.25881 71
1771773288792 1.21903 72
1771773309655 1.20726 73
1771773330518 1.16761 74
1771773351366 1.18122 75
1771773372234 1.17968 76
1771773393101 1.14236 77
1771773413985 1.15356 78
1771773434859 1.14264 79
