1771771757950 1.72087 0
1771771779954 1.79303 1
1771771801399 1.87299 2
1771771823085 1.84686 3
1771771844313 1.85227 4
1771771865588 1.81926 5
1771771887222 1.80476 6
1771771908537 1.79734 7
1771771929842 1.75518 8
1771771951111 1.73975 9
1771771972388 1.72931 10
1771771993627 1.72569 11
1771772014885 1.71114 12
1771772036189 1.69109 13
1771772057457 1.70424 14
1771772078666 1.68606 15
1771772099990 1.67286 16
1771772121211 1.65433 17
1771772142467 1.65248 18
1771772163689 1.65475 19
1771772184925 1.6291 20
1771772206176 1.6307 21
1771772227448 1.61868 22
1771772248675 1.62436 23
1771772269912 1.60309 24
1771772291137 1.62118 25
1771772312414 1.59092 26
1771772333570 1.60376 27
1771772354791 1.58972 28
1771772375998 1.55771 29
1771772397230 1.57737 30
1771772418483 1.55127 31
1771772439705 1.55168 32
1771772460915 1.55361 33
1771772482109 1.55283 34
1771772503333 1.53874 35
1771772524581 1.55248 36
1771772545895 1.53026 37
1771772567118 1.52893 38
1771772588435 1.51592 39
1771772609667 1.52734 40
1771772630868 1.50908 41
1771772652126 1.50347 42
1771772673337 1.49797 43
1771772694559 1.4923 44
1771772715790 1.50476 45
1771772737004 1.48581 46
1771772758411 1.46639 47
1771772779712 1.48455 48
1771772801113 1.46809 49
1771772822354 1.47469 50
1771772843665 1.44477 51
1771772864897 1.4651 52
1771772886139 1.44431 53
1771772907310 1.42496 54
1771772928474 1.45113 55
1771772949737 1.43302 56
1771772970944 1.42689 57
1771772992278 1.41522 58
1771773013485 1.41192 59
1771773034716 1.40985 60
1771773055920 1.40564 61
1771773077185 1.39822 62
1771773098353 1.38906 63
1771773119600 1.38299 64
1771773140840 1.38187 65
1771773162006 1.38498 66
1771773183203 1.38149 67
1771773204416 1.38253 68
1771773225653 1.36164 69
1771773246923 1.3885 70
1771773267895 1.38007 71
1771773288792 1.36692 72
1771773309655 1.36734 73
1771773330518 1.33094 74
1771773351366 1.33934 75
1771773372234 1.33727 76
1771773393101 1.31989 77
1771773413985 1.31827 78
1771773434859 1.3275 79
