1771942316383 0.13552 0
1771942337012 0.15622 1
1771942357386 0.08527 2
1771942377091 0.11042 3
1771942396585 0.19181 4
1771942415982 0.18773 5
1771942435503 0.28501 6
1771942454963 0.25805 7
1771942474399 0.28174 8
1771942493986 0.28949 9
1771942513430 0.30643 10
1771942532935 0.30435 11
1771942552458 0.30946 12
1771942571884 0.29864 13
1771942591428 0.36092 14
1771942610864 0.35675 15
1771942630553 0.34682 16
1771942650134 0.36302 17
1771942669587 0.33176 18
1771942689054 0.38062 19
1771942708619 0.34585 20
1771942728098 0.36888 21
1771942747572 0.37929 22
1771942767022 0.38662 23
1771942786627 0.38695 24
1771942806133 0.38151 25
1771942825732 0.39318 26
1771942845401 0.40435 27
1771942864911 0.40042 28
1771942884408 0.39155 29
1771942903861 0.4043 30
1771942923415 0.40679 31
1771942942973 0.41333 32
1771942962513 0.40177 33
1771942982024 0.41583 34
1771943001568 0.42573 35
1771943021092 0.41087 36
1771943040911 0.41521 37
1771943060807 0.41387 38
1771943080589 0.42894 39
1771943100078 0.43474 40
1771943119600 0.43145 41
1771943139337 0.43527 42
1771943158958 0.41555 43
1771943178719 0.42951 44
1771943198880 0.43481 45
1771943219125 0.42834 46
1771943239326 0.42786 47
1771943259749 0.44915 48
1771943280303 0.44708 49
1771943300740 0.44253 50
1771943320967 0.44742 51
1771943341111 0.44674 52
1771943361447 0.44369 53
1771943381798 0.43924 54
1771943402102 0.44724 55
1771943422592 0.44891 56
1771943443093 0.44796 57
1771943463581 0.45723 58
1771943483917 0.45234 59
1771943504036 0.44202 60
1771943524123 0.45336 61
1771943544328 0.45959 62
1771943564597 0.46981 63
1771943584837 0.45619 64
1771943604791 0.46283 65
1771943624797 0.46198 66
1771943645239 0.45912 67
1771943665709 0.46393 68
1771943686227 0.47124 69
1771943706577 0.46885 70
1771943726828 0.46768 71
1771943747055 0.47009 72
1771943767327 0.46633 73
1771943787634 0.46809 74
1771943807957 0.46948 75
1771943828183 0.4759 76
1771943848409 0.47311 77
1771943868805 0.47013 78
1771943889172 0.47684 79
1771943909757 0.478 80
1771943930231 0.47223 81
1771943950527 0.47756 82
1771943970752 0.47502 83
1771943991028 0.48093 84
1771944011455 0.47906 85
1771944031978 0.48347 86
1771944052366 0.4808 87
1771944072662 0.47975 88
1771944092961 0.47918 89
1771944113468 0.46875 90
1771944133725 0.4757 91
1771944153857 0.47361 92
1771944173940 0.47601 93
1771944194000 0.47613 94
1771944214067 0.47766 95
1771944234224 0.47734 96
1771944254381 0.47705 97
1771944274563 0.4773 98
1771944294807 0.47761 99
1771944302779 0.4831563328884368 99
