1771942316383 0.29216 0
1771942337012 0.32623 1
1771942357386 0.18967 2
1771942377091 0.23525 3
1771942396585 0.39656 4
1771942415982 0.40688 5
1771942435503 0.51684 6
1771942454963 0.48823 7
1771942474399 0.49881 8
1771942493986 0.53571 9
1771942513430 0.54593 10
1771942532935 0.55801 11
1771942552458 0.56277 12
1771942571884 0.52352 13
1771942591428 0.61444 14
1771942610864 0.61459 15
1771942630553 0.60667 16
1771942650134 0.61287 17
1771942669587 0.56841 18
1771942689054 0.64209 19
1771942708619 0.59588 20
1771942728098 0.63026 21
1771942747572 0.61247 22
1771942767022 0.62672 23
1771942786627 0.65173 24
1771942806133 0.64235 25
1771942825732 0.65463 26
1771942845401 0.65799 27
1771942864911 0.65585 28
1771942884408 0.65143 29
1771942903861 0.66416 30
1771942923415 0.66013 31
1771942942973 0.67683 32
1771942962513 0.66037 33
1771942982024 0.67274 34
1771943001568 0.68897 35
1771943021092 0.66664 36
1771943040911 0.67408 37
1771943060807 0.66575 38
1771943080589 0.69043 39
1771943100078 0.68758 40
1771943119600 0.69135 41
1771943139337 0.69213 42
1771943158958 0.67231 43
1771943178719 0.68917 44
1771943198880 0.69547 45
1771943219125 0.68363 46
1771943239326 0.68724 47
1771943259749 0.70724 48
1771943280303 0.70291 49
1771943300740 0.70917 50
1771943320967 0.69937 51
1771943341111 0.70798 52
1771943361447 0.69597 53
1771943381798 0.70177 54
1771943402102 0.69943 55
1771943422592 0.70374 56
1771943443093 0.71678 57
1771943463581 0.71418 58
1771943483917 0.7172 59
1771943504036 0.70505 60
1771943524123 0.71343 61
1771943544328 0.72331 62
1771943564597 0.72913 63
1771943584837 0.71564 64
1771943604791 0.72562 65
1771943624797 0.72488 66
1771943645239 0.71247 67
1771943665709 0.72682 68
1771943686227 0.73271 69
1771943706577 0.73174 70
1771943726828 0.72798 71
1771943747055 0.73144 72
1771943767327 0.72464 73
1771943787634 0.71774 74
1771943807957 0.72169 75
1771943828183 0.73943 76
1771943848409 0.73222 77
1771943868805 0.72946 78
1771943889172 0.73047 79
1771943909757 0.73382 80
1771943930231 0.73282 81
1771943950527 0.73624 82
1771943970752 0.73436 83
1771943991028 0.73878 84
1771944011455 0.73846 85
1771944031978 0.74415 86
1771944052366 0.74315 87
1771944072662 0.73847 88
1771944092961 0.74282 89
1771944113468 0.72272 90
1771944133725 0.73581 91
1771944153857 0.73581 92
1771944173940 0.73465 93
1771944194000 0.7337 94
1771944214067 0.73514 95
1771944234224 0.73193 96
1771944254381 0.73363 97
1771944274563 0.73282 98
1771944294807 0.73532 99
1771944302779 0.7436799485022154 99
