1771942316383 0.81062 0
1771942337012 0.3704 1
1771942357386 0.27577 2
1771942377091 0.32627 3
1771942396585 0.51791 4
1771942415982 0.53845 5
1771942435503 0.62784 6
1771942454963 0.60693 7
1771942474399 0.5935 8
1771942493986 0.66823 9
1771942513430 0.64656 10
1771942532935 0.64289 11
1771942552458 0.6699 12
1771942571884 0.60385 13
1771942591428 0.71114 14
1771942610864 0.71072 15
1771942630553 0.65591 16
1771942650134 0.68397 17
1771942669587 0.66953 18
1771942689054 0.7185 19
1771942708619 0.68086 20
1771942728098 0.74965 21
1771942747572 0.68718 22
1771942767022 0.72442 23
1771942786627 0.72618 24
1771942806133 0.72149 25
1771942825732 0.73087 26
1771942845401 0.70216 27
1771942864911 0.71346 28
1771942884408 0.74186 29
1771942903861 0.75574 30
1771942923415 0.7184 31
1771942942973 0.75189 32
1771942962513 0.76516 33
1771942982024 0.77187 34
1771943001568 0.76195 35
1771943021092 0.72702 36
1771943040911 0.72656 37
1771943060807 0.7706 38
1771943080589 0.79223 39
1771943100078 0.76216 40
1771943119600 0.79392 41
1771943139337 0.78853 42
1771943158958 0.76988 43
1771943178719 0.79639 44
1771943198880 0.77466 45
1771943219125 0.753 46
1771943239326 0.7802 47
1771943259749 0.78392 48
1771943280303 0.72568 49
1771943300740 0.77531 50
1771943320967 0.78505 51
1771943341111 0.75405 52
1771943361447 0.77146 53
1771943381798 0.7858 54
1771943402102 0.78157 55
1771943422592 0.80082 56
1771943443093 0.78508 57
1771943463581 0.76704 58
1771943483917 0.78117 59
1771943504036 0.80574 60
1771943524123 0.78572 61
1771943544328 0.79734 62
1771943564597 0.81361 63
1771943584837 0.77782 64
1771943604791 0.77286 65
1771943624797 0.79555 66
1771943645239 0.75691 67
1771943665709 0.8001 68
1771943686227 0.80778 69
1771943706577 0.814 70
1771943726828 0.79171 71
1771943747055 0.78603 72
1771943767327 0.80789 73
1771943787634 0.78452 74
1771943807957 0.7906 75
1771943828183 0.82296 76
1771943848409 0.80706 77
1771943868805 0.82763 78
1771943889172 0.8223 79
1771943909757 0.79577 80
1771943930231 0.82377 81
1771943950527 0.80707 82
1771943970752 0.82196 83
1771943991028 0.82575 84
1771944011455 0.83262 85
1771944031978 0.83824 86
1771944052366 0.84628 87
1771944072662 0.83693 88
1771944092961 0.81712 89
1771944113468 0.81793 90
1771944133725 0.78894 91
1771944153857 0.81249 92
1771944173940 0.82302 93
1771944194000 0.81793 94
1771944214067 0.83829 95
1771944234224 0.82811 96
1771944254381 0.82766 97
1771944274563 0.81459 98
1771944294807 0.81884 99
1771944302779 0.838244962673977 99
