1771942316383 0.101 0
1771942337012 0.37789 1
1771942357386 0.32709 2
1771942377091 0.28386 3
1771942396585 0.40399 4
1771942415982 0.40003 5
1771942435503 0.4668 6
1771942454963 0.44929 7
1771942474399 0.46329 8
1771942493986 0.48834 9
1771942513430 0.48551 10
1771942532935 0.5146 11
1771942552458 0.50074 12
1771942571884 0.48539 13
1771942591428 0.54649 14
1771942610864 0.54546 15
1771942630553 0.54624 16
1771942650134 0.55178 17
1771942669587 0.49584 18
1771942689054 0.56544 19
1771942708619 0.5411 20
1771942728098 0.54889 21
1771942747572 0.53823 22
1771942767022 0.54276 23
1771942786627 0.58041 24
1771942806133 0.5752 25
1771942825732 0.57777 26
1771942845401 0.58721 27
1771942864911 0.57155 28
1771942884408 0.5686 29
1771942903861 0.57577 30
1771942923415 0.5824 31
1771942942973 0.59815 32
1771942962513 0.56937 33
1771942982024 0.58505 34
1771943001568 0.59627 35
1771943021092 0.58404 36
1771943040911 0.58799 37
1771943060807 0.57031 38
1771943080589 0.59166 39
1771943100078 0.60152 40
1771943119600 0.58528 41
1771943139337 0.59728 42
1771943158958 0.58103 43
1771943178719 0.57707 44
1771943198880 0.60359 45
1771943219125 0.59229 46
1771943239326 0.60258 47
1771943259749 0.61638 48
1771943280303 0.61968 49
1771943300740 0.62379 50
1771943320967 0.60595 51
1771943341111 0.63539 52
1771943361447 0.60101 53
1771943381798 0.60772 54
1771943402102 0.60286 55
1771943422592 0.5999 56
1771943443093 0.63181 57
1771943463581 0.64029 58
1771943483917 0.63172 59
1771943504036 0.60454 60
1771943524123 0.62742 61
1771943544328 0.62073 62
1771943564597 0.62804 63
1771943584837 0.62609 64
1771943604791 0.64682 65
1771943624797 0.62885 66
1771943645239 0.63434 67
1771943665709 0.63056 68
1771943686227 0.64388 69
1771943706577 0.63135 70
1771943726828 0.64333 71
1771943747055 0.64465 72
1771943767327 0.62027 73
1771943787634 0.62485 74
1771943807957 0.6255 75
1771943828183 0.631 76
1771943848409 0.63572 77
1771943868805 0.63064 78
1771943889172 0.62352 79
1771943909757 0.65195 80
1771943930231 0.63 81
1771943950527 0.64385 82
1771943970752 0.63985 83
1771943991028 0.64483 84
1771944011455 0.63764 85
1771944031978 0.6397 86
1771944052366 0.63858 87
1771944072662 0.6356 88
1771944092961 0.64672 89
1771944113468 0.63108 90
1771944133725 0.66296 91
1771944153857 0.63797 92
1771944173940 0.63404 93
1771944194000 0.63645 94
1771944214067 0.62781 95
1771944234224 0.63 96
1771944254381 0.62634 97
1771944274563 0.63578 98
1771944294807 0.63828 99
1771944302779 0.6383558048319193 99
