1771667768771 0.00014000000000000001 0
1771667770807 0.00029703 1
1771667772586 0.000450892 2
1771667774323 0.000601586 3
1771667776077 0.000749112 4
1771667777821 0.0008934700000000002 5
1771667779607 0.00103466 6
1771667781342 0.0011726820000000002 7
1771667783059 0.001307536 8
1771667784766 0.001439222 9
1771667786498 0.00156774 10
1771667788208 0.00169309 11
1771667789928 0.0017624 12
1771667791671 0.0017426 13
1771667793388 0.0017228 14
1771667795117 0.001703 15
1771667796831 0.0016832000000000001 16
1771667798574 0.0016634 17
1771667800302 0.0016436000000000003 18
1771667802028 0.0016238000000000001 19
1771667803743 0.0016040000000000002 20
1771667805465 0.0015842 21
1771667807180 0.0015644 22
1771667808894 0.0015446 23
1771667810609 0.0015248 24
1771667812335 0.0015049999999999998 25
1771667814067 0.0014852 26
1771667815792 0.0014654000000000002 27
1771667817504 0.0014456 28
1771667819208 0.0014258 29
1771667820971 0.001406 30
1771667822682 0.0013862 31
1771667824397 0.0013663999999999998 32
1771667826114 0.0013465999999999999 33
1771667827816 0.0013267999999999997 34
1771667829525 0.001307 35
1771667831266 0.0012872 36
1771667832983 0.0012674000000000001 37
1771667834719 0.0012476 38
1771667836456 0.0012278 39
1771667838163 0.001208 40
1771667839875 0.0011882000000000002 41
1771667841585 0.0011684000000000002 42
1771667843297 0.0011486 43
1771667845020 0.0011288000000000001 44
1771667846729 0.001109 45
1771667848437 0.0010892000000000002 46
1771667850147 0.0010694 47
1771667851860 0.0010496000000000001 48
1771667853562 0.0010298 49
1771667855273 0.00101 50
1771667856983 0.0009901999999999999 51
1771667858686 0.0009704 52
1771667860394 0.0009506 53
1771667862102 0.0009308 54
1771667863814 0.0009109999999999999 55
1771667865513 0.0008911999999999999 56
1771667867229 0.0008714 57
1771667868939 0.0008516000000000001 58
1771667870645 0.0008318000000000002 59
1771667872352 0.0008120000000000001 60
1771667874061 0.0007922000000000001 61
1771667875765 0.0007724 62
1771667877478 0.0007526000000000001 63
