1771667372061 1.10647 0
1771667374122 0.88492 1
1771667375861 0.94157 2
1771667377600 0.94261 3
1771667379339 0.96822 4
1771667381070 0.94837 5
1771667382793 0.99719 6
1771667384557 0.94308 7
1771667386283 0.97067 8
1771667387997 0.93113 9
1771667389716 1.03329 10
1771667391434 0.9696 11
1771667393181 0.891 12
1771667394931 0.9562 13
1771667396641 0.96108 14
1771667398387 0.9599 15
1771667400104 0.91815 16
1771667401867 0.9108 17
1771667403671 0.90307 18
1771667405402 0.91192 19
1771667407134 0.85517 20
1771667408861 0.96529 21
1771667410645 0.91327 22
1771667412379 0.8464 23
1771667414101 0.88303 24
1771667415890 0.9034 25
1771667417640 0.84749 26
1771667419391 0.81681 27
1771667421167 0.8141 28
1771667422936 0.81765 29
1771667424683 0.77095 30
1771667426413 0.78649 31
1771667428157 0.76178 32
1771667429913 0.79287 33
1771667431664 0.74317 34
1771667433406 0.81914 35
1771667435204 0.74849 36
1771667436933 0.76754 37
1771667438666 0.78745 38
1771667440386 0.73538 39
1771667442105 0.76619 40
1771667443844 0.71852 41
1771667445633 0.71152 42
1771667447431 0.68358 43
1771667449204 0.73538 44
1771667450981 0.71607 45
1771667452733 0.74642 46
1771667454468 0.73691 47
1771667456202 0.69734 48
1771667457955 0.68612 49
1771667459745 0.69434 50
1771667461487 0.65502 51
1771667463204 0.68608 52
1771667464922 0.66223 53
1771667466681 0.66127 54
1771667468431 0.69946 55
1771667470150 0.70071 56
1771667471905 0.68942 57
1771667473686 0.67087 58
1771667475419 0.63566 59
1771667477163 0.69754 60
1771667478905 0.66934 61
