1771667372061 2.52552 0
1771667374122 2.09259 1
1771667375861 1.68473 2
1771667377600 1.42128 3
1771667379339 1.2735 4
1771667381070 1.15936 5
1771667382793 1.1342 6
1771667384557 1.06309 7
1771667386283 1.07802 8
1771667387997 1.02187 9
1771667389716 1.07987 10
1771667391434 1.02801 11
1771667393181 0.96954 12
1771667394931 1.01437 13
1771667396641 0.95533 14
1771667398387 0.97899 15
1771667400104 0.9173 16
1771667401867 0.9287 17
1771667403671 0.88074 18
1771667405402 0.88559 19
1771667407134 0.83496 20
1771667408861 0.91706 21
1771667410645 0.87782 22
1771667412379 0.82633 23
1771667414101 0.8255 24
1771667415890 0.83537 25
1771667417640 0.76183 26
1771667419391 0.75695 27
1771667421167 0.74265 28
1771667422936 0.72924 29
1771667424683 0.70268 30
1771667426413 0.70082 31
1771667428157 0.68995 32
1771667429913 0.71633 33
1771667431664 0.69037 34
1771667433406 0.75375 35
1771667435204 0.68637 36
1771667436933 0.66847 37
1771667438666 0.68202 38
1771667440386 0.64818 39
1771667442105 0.65608 40
1771667443844 0.64636 41
1771667445633 0.63376 42
1771667447431 0.62509 43
1771667449204 0.62389 44
1771667450981 0.61635 45
1771667452733 0.64474 46
1771667454468 0.62676 47
1771667456202 0.61339 48
1771667457955 0.60611 49
1771667459745 0.60114 50
1771667461487 0.57006 51
1771667463204 0.60088 52
1771667464922 0.56486 53
1771667466681 0.58126 54
1771667468431 0.60892 55
1771667470150 0.60315 56
1771667471905 0.58997 57
1771667473686 0.57601 58
1771667475419 0.53927 59
1771667477163 0.58916 60
1771667478905 0.5254 61
