1771667372061 1.24443 0
1771667374122 1.10807 1
1771667375861 1.15078 2
1771667377600 1.17343 3
1771667379339 1.14506 4
1771667381070 1.16426 5
1771667382793 1.15513 6
1771667384557 1.11447 7
1771667386283 1.14115 8
1771667387997 1.12402 9
1771667389716 1.19644 10
1771667391434 1.14607 11
1771667393181 1.09421 12
1771667394931 1.13131 13
1771667396641 1.12884 14
1771667398387 1.12211 15
1771667400104 1.10406 16
1771667401867 1.11137 17
1771667403671 1.09709 18
1771667405402 1.09096 19
1771667407134 1.06884 20
1771667408861 1.12965 21
1771667410645 1.12191 22
1771667412379 1.06664 23
1771667414101 1.11961 24
1771667415890 1.08753 25
1771667417640 1.07404 26
1771667419391 1.04395 27
1771667421167 1.07003 28
1771667422936 1.03606 29
1771667424683 1.02396 30
1771667426413 1.02576 31
1771667428157 1.02179 32
1771667429913 1.03294 33
1771667431664 1.03133 34
1771667433406 1.04435 35
1771667435204 1.03736 36
1771667436933 1.02418 37
1771667438666 1.03361 38
1771667440386 1.02703 39
1771667442105 1.033 40
1771667443844 1.03367 41
1771667445633 1.03039 42
1771667447431 1.00334 43
1771667449204 1.02029 44
1771667450981 1.01198 45
1771667452733 1.02898 46
1771667454468 1.02443 47
1771667456202 1.0076 48
1771667457955 1.00728 49
1771667459745 1.00001 50
1771667461487 0.96662 51
1771667463204 0.98958 52
1771667464922 0.98376 53
1771667466681 0.99052 54
1771667468431 0.99469 55
1771667470150 1.01621 56
1771667471905 0.98634 57
1771667473686 1.01538 58
1771667475419 0.99049 59
1771667477163 1.01325 60
1771667478905 0.98234 61
