1771667286257 1.16939 0
1771667287393 1.07706 1
1771667288224 1.10499 2
1771667289044 1.06357 3
1771667289849 1.09426 4
1771667290642 1.07465 5
1771667291430 0.99719 6
1771667292218 1.01435 7
1771667293021 0.98646 8
1771667293835 0.99837 9
1771667294631 1.02058 10
1771667295428 1.07173 11
1771667296209 0.95561 12
1771667296995 0.98178 13
1771667297773 0.92894 14
1771667298558 0.94622 15
1771667299329 0.91933 16
1771667300111 0.89451 17
1771667300892 0.89858 18
1771667301676 0.87648 19
1771667302457 0.89684 20
1771667303232 0.92839 21
1771667304009 0.8923 22
1771667304781 0.87934 23
1771667305550 0.89395 24
1771667306336 0.88627 25
1771667307124 0.84082 26
1771667307902 0.90944 27
1771667308679 0.82335 28
1771667309459 0.84598 29
1771667310232 0.79695 30
1771667311027 0.80846 31
1771667311810 0.76114 32
1771667312592 0.78617 33
1771667313379 0.77245 34
1771667314163 0.83014 35
1771667314957 0.78322 36
1771667315732 0.79494 37
1771667316505 0.79534 38
1771667317287 0.741 39
1771667318060 0.77569 40
1771667318839 0.74612 41
1771667319655 0.73978 42
1771667320477 0.74122 43
1771667321276 0.73647 44
1771667322059 0.73019 45
1771667322853 0.76021 46
1771667323674 0.76342 47
1771667324461 0.73949 48
1771667325242 0.7257 49
1771667326023 0.7154 50
1771667326808 0.70891 51
1771667327585 0.70263 52
1771667328350 0.688 53
1771667329114 0.64818 54
1771667329898 0.72087 55
1771667330660 0.71607 56
1771667331426 0.73319 57
1771667332204 0.68878 58
1771667332974 0.67094 59
1771667333741 0.65259 60
1771667334518 0.67548 61
1771667335290 0.67415 62
1771667336060 0.68255 63
1771667336837 0.6547 64
1771667337613 0.68527 65
1771667338398 0.63347 66
1771667339168 0.71385 67
1771667339938 0.68149 68
1771667340716 0.65814 69
1771667341481 0.66198 70
1771667342261 0.62749 71
1771667343132 0.65199 72
1771667343925 0.61569 73
1771667345043 0.59589 74
1771667345820 0.60206 75
1771667346620 0.61589 76
1771667347418 0.58157 77
1771667348226 0.62024 78
1771667349002 0.61462 79
1771667349768 0.60651 80
1771667350550 0.62055 81
1771667351330 0.64016 82
1771667352107 0.63139 83
1771667352869 0.62786 84
1771667353636 0.59013 85
1771667354402 0.60526 86
1771667355174 0.60847 87
1771667355943 0.58832 88
1771667356717 0.55161 89
1771667357777 0.53233 90
1771667358616 0.48427 91
1771667359392 0.50178 92
1771667360188 0.49021 93
1771667360975 0.46791 94
1771667361757 0.4744 95
1771667362593 0.44953 96
1771667363431 0.4721 97
1771667364257 0.4573 98
