1771667286257 2.89197 0
1771667287393 2.42487 1
1771667288224 1.85509 2
1771667289044 1.4336 3
1771667289849 1.12795 4
1771667290642 1.02395 5
1771667291430 0.96551 6
1771667292218 0.8987 7
1771667293021 0.88296 8
1771667293835 0.88109 9
1771667294631 0.88855 10
1771667295428 0.93703 11
1771667296209 0.8498 12
1771667296995 0.84893 13
1771667297773 0.78892 14
1771667298558 0.79464 15
1771667299329 0.78325 16
1771667300111 0.76342 17
1771667300892 0.74079 18
1771667301676 0.74326 19
1771667302457 0.74981 20
1771667303232 0.75191 21
1771667304009 0.74615 22
1771667304781 0.71316 23
1771667305550 0.71206 24
1771667306336 0.70904 25
1771667307124 0.69029 26
1771667307902 0.69451 27
1771667308679 0.66781 28
1771667309459 0.68167 29
1771667310232 0.64992 30
1771667311027 0.62677 31
1771667311810 0.61165 32
1771667312592 0.61427 33
1771667313379 0.61078 34
1771667314163 0.65658 35
1771667314957 0.64298 36
1771667315732 0.61698 37
1771667316505 0.63518 38
1771667317287 0.61013 39
1771667318060 0.6111 40
1771667318839 0.5861 41
1771667319655 0.59337 42
1771667320477 0.57907 43
1771667321276 0.57721 44
1771667322059 0.58374 45
1771667322853 0.59508 46
1771667323674 0.58442 47
1771667324461 0.58523 48
1771667325242 0.57975 49
1771667326023 0.57272 50
1771667326808 0.55032 51
1771667327585 0.55597 52
1771667328350 0.56393 53
1771667329114 0.54454 54
1771667329898 0.55769 55
1771667330660 0.54734 56
1771667331426 0.5639 57
1771667332204 0.53547 58
1771667332974 0.50931 59
1771667333741 0.51956 60
1771667334518 0.50661 61
1771667335290 0.52467 62
1771667336060 0.53257 63
1771667336837 0.49052 64
1771667337613 0.50901 65
1771667338398 0.48027 66
1771667339168 0.53681 67
1771667339938 0.50558 68
1771667340716 0.4898 69
1771667341481 0.50031 70
1771667342261 0.48851 71
1771667343132 0.48653 72
1771667343925 0.46918 73
1771667345043 0.47094 74
1771667345820 0.47587 75
1771667346620 0.47691 76
1771667347418 0.45412 77
1771667348226 0.47082 78
1771667349002 0.45876 79
1771667349768 0.46041 80
1771667350550 0.46634 81
1771667351330 0.47502 82
1771667352107 0.49202 83
1771667352869 0.46473 84
1771667353636 0.46821 85
1771667354402 0.45228 86
1771667355174 0.47524 87
1771667355943 0.45031 88
1771667356717 0.44575 89
1771667357777 0.59568 90
1771667358616 0.46062 91
1771667359392 0.44576 92
1771667360188 0.45057 93
1771667360975 0.41727 94
1771667361757 0.43039 95
1771667362593 0.38777 96
1771667363431 0.4015 97
1771667364257 0.39208 98
