1771667286257 1.12725 0
1771667287393 1.04035 1
1771667288224 1.06039 2
1771667289044 1.06184 3
1771667289849 1.07221 4
1771667290642 1.09146 5
1771667291430 1.06224 6
1771667292218 1.04112 7
1771667293021 1.01292 8
1771667293835 1.0327 9
1771667294631 1.05025 10
1771667295428 1.07454 11
1771667296209 1.03969 12
1771667296995 1.04585 13
1771667297773 1.01628 14
1771667298558 1.01101 15
1771667299329 0.99884 16
1771667300111 1.01864 17
1771667300892 0.99785 18
1771667301676 0.99935 19
1771667302457 1.00387 20
1771667303232 1.00145 21
1771667304009 1.01287 22
1771667304781 1.00352 23
1771667305550 1.01442 24
1771667306336 0.98041 25
1771667307124 0.97706 26
1771667307902 0.99661 27
1771667308679 0.98232 28
1771667309459 0.973 29
1771667310232 0.95399 30
1771667311027 0.95569 31
1771667311810 0.94059 32
1771667312592 0.94428 33
1771667313379 0.97224 34
1771667314163 0.97307 35
1771667314957 0.96549 36
1771667315732 0.97414 37
1771667316505 0.95872 38
1771667317287 0.95603 39
1771667318060 0.96007 40
1771667318839 0.9539 41
1771667319655 0.94949 42
1771667320477 0.92854 43
1771667321276 0.95561 44
1771667322059 0.94094 45
1771667322853 0.94454 46
1771667323674 0.94642 47
1771667324461 0.94902 48
1771667325242 0.94271 49
1771667326023 0.94906 50
1771667326808 0.92063 51
1771667327585 0.92619 52
1771667328350 0.93638 53
1771667329114 0.91038 54
1771667329898 0.93425 55
1771667330660 0.95333 56
1771667331426 0.93894 57
1771667332204 0.928 58
1771667332974 0.92486 59
1771667333741 0.92853 60
1771667334518 0.92106 61
1771667335290 0.9228 62
1771667336060 0.94126 63
1771667336837 0.90898 64
1771667337613 0.92268 65
1771667338398 0.90594 66
1771667339168 0.93289 67
1771667339938 0.92113 68
1771667340716 0.91237 69
1771667341481 0.92318 70
1771667342261 0.90641 71
1771667343132 0.92791 72
1771667343925 0.92344 73
1771667345043 0.91137 74
1771667345820 0.89584 75
1771667346620 0.91053 76
1771667347418 0.90921 77
1771667348226 0.89616 78
1771667349002 0.89108 79
1771667349768 0.91276 80
1771667350550 0.91731 81
1771667351330 0.9065 82
1771667352107 0.89492 83
1771667352869 0.90854 84
1771667353636 0.88278 85
1771667354402 0.91224 86
1771667355174 0.91187 87
1771667355943 0.89763 88
1771667356717 0.89117 89
1771667357777 0.85189 90
1771667358616 0.83312 91
1771667359392 0.83237 92
1771667360188 0.83628 93
1771667360975 0.82025 94
1771667361757 0.8279 95
1771667362593 0.82317 96
1771667363431 0.8337 97
1771667364257 0.82627 98
