1771667286519 0.46736 0
1771667287600 0.6136 1
1771667288415 0.57219 2
1771667289220 0.51374 3
1771667290017 0.47944 4
1771667290810 0.44859 5
1771667291600 0.54917 6
1771667292401 0.62622 7
1771667293224 0.62699 8
1771667294015 0.62268 9
1771667294814 0.65576 10
1771667295598 0.62641 11
1771667296385 0.6894 12
1771667297172 0.70845 13
1771667297952 0.71786 14
1771667298731 0.70899 15
1771667299498 0.70347 16
1771667300282 0.69532 17
1771667301062 0.6855 18
1771667301849 0.6432 19
1771667302626 0.59535 20
1771667303401 0.53607 21
1771667304178 0.52867 22
1771667304952 0.67599 23
1771667305726 0.73245 24
1771667306506 0.71157 25
1771667307293 0.71119 26
1771667308074 0.67005 27
1771667308848 0.71564 28
1771667309629 0.72855 29
1771667310410 0.75029 30
1771667311197 0.73019 31
1771667311984 0.70448 32
1771667312762 0.72605 33
1771667313558 0.7485 34
1771667314343 0.75297 35
1771667315127 0.73475 36
1771667315899 0.71375 37
1771667316678 0.73956 38
1771667317460 0.73994 39
1771667318229 0.74369 40
1771667319024 0.72394 41
1771667319830 0.73229 42
1771667320649 0.74178 43
1771667321451 0.73418 44
1771667322236 0.77694 45
1771667323043 0.73872 46
1771667323853 0.73122 47
1771667324638 0.74224 48
1771667325416 0.74625 49
1771667326191 0.76084 50
1771667326985 0.79254 51
1771667327751 0.7623 52
1771667328516 0.75114 53
1771667329281 0.73722 54
1771667330064 0.7303 55
1771667330830 0.75971 56
1771667331597 0.77634 57
1771667332377 0.77899 58
1771667333141 0.77379 59
1771667333916 0.79529 60
1771667334687 0.77598 61
1771667335461 0.78943 62
1771667336233 0.77382 63
1771667337005 0.77779 64
1771667337779 0.78031 65
1771667338570 0.76666 66
1771667339336 0.7781 67
1771667340111 0.77552 68
1771667340882 0.77526 69
1771667341650 0.79193 70
1771667342516 0.78352 71
1771667343309 0.76896 72
1771667344429 0.78435 73
1771667345215 0.78872 74
1771667345996 0.80245 75
1771667346797 0.80228 76
1771667347597 0.80622 77
1771667348404 0.82383 78
1771667349170 0.81753 79
1771667349953 0.8063 80
1771667350731 0.80175 81
1771667351499 0.81289 82
1771667352275 0.80587 83
1771667353035 0.81414 84
1771667353803 0.79267 85
1771667354572 0.79204 86
1771667355345 0.80754 87
1771667356114 0.80379 88
1771667356886 0.80425 89
1771667357962 0.80459 90
1771667358797 0.79201 91
1771667359582 0.78955 92
1771667360371 0.78942 93
1771667361156 0.78801 94
1771667361932 0.79528 95
1771667362796 0.8004 96
1771667363610 0.80386 97
1771667364430 0.80464 98
1771667366120 0.8230248256937435 98
