1771667286519 0.63286 0
1771667287600 0.88467 1
1771667288415 0.85551 2
1771667289220 0.75139 3
1771667290017 0.69797 4
1771667290810 0.70595 5
1771667291600 0.81494 6
1771667292401 0.89333 7
1771667293224 0.93094 8
1771667294015 0.92892 9
1771667294814 0.97017 10
1771667295598 0.94603 11
1771667296385 0.93475 12
1771667297172 0.95618 13
1771667297952 0.96381 14
1771667298731 0.97201 15
1771667299498 0.97536 16
1771667300282 0.96835 17
1771667301062 0.95606 18
1771667301849 0.90923 19
1771667302626 0.91338 20
1771667303401 0.83112 21
1771667304178 0.85646 22
1771667304952 0.94036 23
1771667305726 0.97929 24
1771667306506 0.9823 25
1771667307293 0.98132 26
1771667308074 0.97354 27
1771667308848 0.98433 28
1771667309629 0.97489 29
1771667310410 0.97228 30
1771667311197 0.96888 31
1771667311984 0.96882 32
1771667312762 0.97577 33
1771667313558 0.9892 34
1771667314343 0.98882 35
1771667315127 0.97521 36
1771667315899 0.96918 37
1771667316678 0.96463 38
1771667317460 0.97533 39
1771667318229 0.98129 40
1771667319024 0.98484 41
1771667319830 0.98605 42
1771667320649 0.9878 43
1771667321451 0.98147 44
1771667322236 0.98367 45
1771667323043 0.97317 46
1771667323853 0.97192 47
1771667324638 0.95782 48
1771667325416 0.97052 49
1771667326191 0.97363 50
1771667326985 0.97749 51
1771667327751 0.9875 52
1771667328516 0.99044 53
1771667329281 0.98809 54
1771667330064 0.98671 55
1771667330830 0.98834 56
1771667331597 0.9878 57
1771667332377 0.98627 58
1771667333141 0.98586 59
1771667333916 0.98587 60
1771667334687 0.98702 61
1771667335461 0.98351 62
1771667336233 0.98227 63
1771667337005 0.97681 64
1771667337779 0.98785 65
1771667338570 0.98706 66
1771667339336 0.98622 67
1771667340111 0.98565 68
1771667340882 0.98569 69
1771667341650 0.9868 70
1771667342516 0.98446 71
1771667343309 0.97968 72
1771667344429 0.98049 73
1771667345215 0.98953 74
1771667345996 0.99262 75
1771667346797 0.99098 76
1771667347597 0.99228 77
1771667348404 0.99267 78
1771667349170 0.993 79
1771667349953 0.99039 80
1771667350731 0.98956 81
1771667351499 0.99057 82
1771667352275 0.99103 83
1771667353035 0.99135 84
1771667353803 0.99026 85
1771667354572 0.99031 86
1771667355345 0.9907 87
1771667356114 0.99124 88
1771667356886 0.99104 89
1771667357962 0.99157 90
1771667358797 0.99134 91
1771667359582 0.99011 92
1771667360371 0.99039 93
1771667361156 0.98281 94
1771667361932 0.98212 95
1771667362796 0.97956 96
1771667363610 0.98137 97
1771667364430 0.98132 98
1771667366120 0.9926666854781567 98
