1771667286519 0.01012 0
1771667287600 0.0122 1
1771667288415 0.0121 2
1771667289220 0.4598 3
1771667290017 0.95354 4
1771667290810 0.88144 5
1771667291600 0.95628 6
1771667292401 0.9501 7
1771667293224 0.95739 8
1771667294015 0.91563 9
1771667294814 0.92223 10
1771667295598 0.90856 11
1771667296385 0.9042 12
1771667297172 0.99422 13
1771667297952 0.93304 14
1771667298731 0.95756 15
1771667299498 0.96883 16
1771667300282 0.91955 17
1771667301062 0.97725 18
1771667301849 0.80093 19
1771667302626 0.92289 20
1771667303401 0.9859 21
1771667304178 0.91854 22
1771667304952 0.92104 23
1771667305726 0.91731 24
1771667306506 0.96139 25
1771667307293 0.96164 26
1771667308074 0.85015 27
1771667308848 0.89622 28
1771667309629 0.97931 29
1771667310410 0.90307 30
1771667311197 0.9604 31
1771667311984 0.95479 32
1771667312762 0.95625 33
1771667313558 0.977 34
1771667314343 0.95697 35
1771667315127 0.96786 36
1771667315899 0.95957 37
1771667316678 0.96479 38
1771667317460 0.97981 39
1771667318229 0.97512 40
1771667319024 0.97654 41
1771667319830 0.95824 42
1771667320649 0.92641 43
1771667321451 0.9282 44
1771667322236 0.90948 45
1771667323043 0.93581 46
1771667323853 0.94069 47
1771667324638 0.95293 48
1771667325416 0.92431 49
1771667326191 0.92035 50
1771667326985 0.9726 51
1771667327751 0.95524 52
1771667328516 0.95711 53
1771667329281 0.98037 54
1771667330064 0.97933 55
1771667330830 0.98033 56
1771667331597 0.98066 57
1771667332377 0.96122 58
1771667333141 0.9747 59
1771667333916 0.90828 60
1771667334687 0.92589 61
1771667335461 0.89468 62
1771667336233 0.94869 63
1771667337005 0.94806 64
1771667337779 0.97944 65
1771667338570 0.97953 66
1771667339336 0.94322 67
1771667340111 0.90839 68
1771667340882 0.93895 69
1771667341650 0.96061 70
1771667342516 0.95991 71
1771667343309 0.94594 72
1771667344429 0.95821 73
1771667345215 0.97889 74
1771667345996 0.98071 75
1771667346797 0.989 76
1771667347597 0.98026 77
1771667348404 0.96106 78
1771667349170 0.98111 79
1771667349953 0.99508 80
1771667350731 0.97993 81
1771667351499 0.99625 82
1771667352275 0.99367 83
1771667353035 0.9859 84
1771667353803 0.97043 85
1771667354572 0.97178 86
1771667355345 0.97294 87
1771667356114 0.97128 88
1771667356886 0.97443 89
1771667357962 0.97996 90
1771667358797 0.97969 91
1771667359582 0.99951 92
1771667360371 0.97686 93
1771667361156 0.9806 94
1771667361932 0.95958 95
1771667362796 0.96128 96
1771667363610 0.97989 97
1771667364430 0.96117 98
1771667366120 0.9611970307475753 98
