1771667286519 1.0 0
1771667287600 1.0 1
1771667288415 1.0 2
1771667289220 0.76923 3
1771667290017 0.39489 4
1771667290810 0.51923 5
1771667291600 0.57692 6
1771667292401 0.69231 7
1771667293224 0.84615 8
1771667294015 0.88462 9
1771667294814 0.91233 10
1771667295598 0.90385 11
1771667296385 0.80769 12
1771667297172 0.84615 13
1771667297952 0.92308 14
1771667298731 0.90385 15
1771667299498 0.90385 16
1771667300282 0.94231 17
1771667301062 0.8261 18
1771667301849 0.85115 19
1771667302626 0.82692 20
1771667303401 0.73077 21
1771667304178 0.80769 22
1771667304952 0.89737 23
1771667305726 0.94231 24
1771667306506 0.95767 25
1771667307293 0.94231 26
1771667308074 0.98193 27
1771667308848 0.99651 28
1771667309629 0.91054 29
1771667310410 0.94231 30
1771667311197 0.93287 31
1771667311984 0.94231 32
1771667312762 0.94231 33
1771667313558 0.94231 34
1771667314343 0.98077 35
1771667315127 0.98077 36
1771667315899 0.96154 37
1771667316678 0.92308 38
1771667317460 0.94231 39
1771667318229 0.92308 40
1771667319024 0.94231 41
1771667319830 0.94231 42
1771667320649 0.96845 43
1771667321451 0.99444 44
1771667322236 1.0 45
1771667323043 1.0 46
1771667323853 1.0 47
1771667324638 0.94231 48
1771667325416 0.96154 49
1771667326191 0.98077 50
1771667326985 0.96154 51
1771667327751 0.98077 52
1771667328516 0.98077 53
1771667329281 0.96051 54
1771667330064 0.96154 55
1771667330830 0.95827 56
1771667331597 0.97501 57
1771667332377 0.96154 58
1771667333141 0.92308 59
1771667333916 0.95222 60
1771667334687 0.98077 61
1771667335461 0.96154 62
1771667336233 0.92308 63
1771667337005 0.92308 64
1771667337779 0.91634 65
1771667338570 0.92042 66
1771667339336 0.95847 67
1771667340111 0.98077 68
1771667340882 0.94231 69
1771667341650 0.9381 70
1771667342516 0.94231 71
1771667343309 0.96154 72
1771667344429 0.96154 73
1771667345215 0.96154 74
1771667345996 0.97781 75
1771667346797 0.96154 76
1771667347597 0.95484 77
1771667348404 0.98077 78
1771667349170 0.96154 79
1771667349953 0.92308 80
1771667350731 0.93899 81
1771667351499 0.92308 82
1771667352275 0.94231 83
1771667353035 0.94231 84
1771667353803 0.96154 85
1771667354572 0.96154 86
1771667355345 0.96154 87
1771667356114 0.96154 88
1771667356886 0.96154 89
1771667357962 0.94022 90
1771667358797 0.92308 91
1771667359582 0.92308 92
1771667360371 0.94231 93
1771667361156 0.92308 94
1771667361932 0.96154 95
1771667362796 0.95482 96
1771667363610 0.93726 97
1771667364430 0.95217 98
1771667366120 0.9807692307692307 98
