1771770052683 0.0005505216049382717 0
1771770074751 0.0010924991917438272 1
1771770096446 0.0016207240285493827 2
1771770117836 0.0016051126250000002 3
1771770139091 0.0015844835000000002 4
1771770160688 0.001563854375 5
1771770181983 0.0015432252500000002 6
1771770203245 0.001522596125 7
1771770224429 0.001501967 8
1771770245765 0.001481337875 9
1771770267014 0.00146070875 10
1771770288228 0.0014400796250000002 11
1771770309482 0.0014194505000000002 12
1771770330775 0.001398821375 13
1771770351971 0.00137819225 14
1771770373130 0.001357563125 15
1771770394354 0.0013369340000000001 16
1771770415678 0.001316304875 17
1771770436880 0.00129567575 18
1771770458069 0.001275046625 19
1771770479323 0.0012544175 20
1771770500527 0.001233788375 21
1771770521837 0.00121315925 22
1771770543072 0.001192530125 23
1771770564251 0.001171901 24
1771770585492 0.0011512718750000001 25
1771770606715 0.00113064275 26
1771770627889 0.001110013625 27
1771770649139 0.0010893845 28
1771770670359 0.001068755375 29
1771770691585 0.00104812625 30
1771770712784 0.001027497125 31
1771770734158 0.001006868 32
1771770755385 0.0009862388750000001 33
1771770776573 0.0009656097499999999 34
1771770797800 0.0009449806250000001 35
1771770819018 0.0009243515000000001 36
1771770840207 0.0009037223749999999 37
1771770861409 0.0008830932500000001 38
1771770882660 0.0008624641249999999 39
1771770903878 0.0008418350000000001 40
1771770925064 0.0008212058750000001 41
1771770946564 0.00080057675 42
1771770967804 0.0007799476250000001 43
1771770989010 0.0007593185 44
1771771010178 0.000738689375 45
1771771031331 0.00071806025 46
1771771052539 0.000697431125 47
1771771073738 0.0006768020000000001 48
1771771094901 0.000656172875 49
1771771116065 0.00063554375 50
1771771137284 0.0006149146250000001 51
1771771158493 0.0005942855 52
1771771179677 0.0005736563750000001 53
1771771200907 0.00055302725 54
1771771222093 0.000532398125 55
1771771243279 0.0005117690000000001 56
1771771264472 0.000491139875 57
1771771285638 0.00047051075000000003 58
1771771306792 0.000449881625 59
1771771327986 0.00042925250000000004 60
1771771349182 0.00040862337500000007 61
1771771370353 0.00038799425 62
1771771391502 0.000367365125 63
1771771412693 0.00034673599999999994 64
1771771433938 0.000326106875 65
1771771455126 0.0003054777500000001 66
1771771476265 0.00028484862500000003 67
1771771497433 0.00026421950000000006 68
1771771518575 0.00024359037499999998 69
1771771539771 0.00022296125 70
1771771560678 0.00020233212500000007 71
1771771581504 0.00018170299999999996 72
1771771602333 0.00016107387500000002 73
1771771623168 0.00014044474999999992 74
1771771643999 0.000119815625 75
1771771664837 9.918650000000008e-05 76
1771771685675 7.855737499999997e-05 77
1771771706519 5.792825000000004e-05 78
1771771727378 3.729912499999993e-05 79
