1771667703617 0.73138 0
1771667704880 0.83604 1
1771667705728 0.82187 2
1771667706583 0.829 3
1771667707423 0.80164 4
1771667708256 0.76722 5
1771667709079 0.90703 6
1771667709894 0.83699 7
1771667710716 0.82661 8
1771667711533 0.90924 9
1771667712369 0.94546 10
1771667713201 0.92458 11
1771667714035 0.94533 12
1771667714834 0.92628 13
1771667715630 0.84809 14
1771667716433 0.82238 15
1771667717235 0.92434 16
1771667718047 0.9624 17
1771667718853 0.9863 18
1771667719658 0.98127 19
1771667720475 0.991 20
1771667721271 0.97163 21
1771667722068 0.97278 22
1771667722866 0.96274 23
1771667723677 0.9624 24
1771667724491 0.98583 25
1771667725289 0.98345 26
1771667726084 0.98494 27
1771667726884 0.98857 28
1771667727692 0.97885 29
1771667728482 0.98511 30
1771667729947 0.98039 31
1771667730769 0.97781 32
1771667731598 0.97489 33
1771667732417 0.97147 34
1771667733233 0.97784 35
1771667734042 0.97808 36
1771667735092 0.98625 37
1771667735960 0.98997 38
1771667737127 0.99056 39
1771667737932 0.99053 40
1771667738750 0.97842 41
1771667739569 0.98638 42
1771667740381 0.98479 43
1771667741185 0.98507 44
1771667741989 0.98258 45
1771667742791 0.98331 46
1771667743589 0.99212 47
1771667744408 0.99237 48
1771667745295 0.98919 49
1771667746134 0.98607 50
1771667746939 0.9794 51
1771667747737 0.97735 52
1771667748549 0.97531 53
1771667749499 0.97957 54
1771667750302 0.977 55
1771667751095 0.9724 56
1771667751890 0.96591 57
1771667752694 0.96719 58
1771667753505 0.96585 59
1771667754329 0.97461 60
1771667755138 0.96638 61
1771667755941 0.9573 62
1771667756743 0.95958 63
1771667757551 0.97049 64
1771667758360 0.9831 65
1771667759187 0.98337 66
1771667759994 0.98319 67
1771667760798 0.982 68
1771667761608 0.98208 69
1771667763108 0.988857050549232 69
