1771667703617 0.48695 0
1771667704880 0.54417 1
1771667705728 0.52558 2
1771667706583 0.5917 3
1771667707423 0.5117 4
1771667708256 0.45042 5
1771667709079 0.59685 6
1771667709894 0.45336 7
1771667710716 0.39233 8
1771667711533 0.48954 9
1771667712369 0.50646 10
1771667713201 0.61861 11
1771667714035 0.64919 12
1771667714834 0.60829 13
1771667715630 0.55273 14
1771667716433 0.51759 15
1771667717235 0.6173 16
1771667718047 0.653 17
1771667718853 0.68857 18
1771667719658 0.72804 19
1771667720475 0.69668 20
1771667721271 0.68614 21
1771667722068 0.64434 22
1771667722866 0.6472 23
1771667723677 0.69699 24
1771667724491 0.73228 25
1771667725289 0.6946 26
1771667726084 0.71079 27
1771667726884 0.75953 28
1771667727692 0.75542 29
1771667728482 0.75086 30
1771667729947 0.76097 31
1771667730769 0.76657 32
1771667731598 0.75677 33
1771667732417 0.72283 34
1771667733233 0.73607 35
1771667734042 0.72956 36
1771667735092 0.77047 37
1771667735960 0.76151 38
1771667737127 0.75373 39
1771667737932 0.76742 40
1771667738750 0.75124 41
1771667739569 0.77674 42
1771667740381 0.77919 43
1771667741185 0.78338 44
1771667741989 0.74518 45
1771667742791 0.73491 46
1771667743589 0.76288 47
1771667744408 0.77064 48
1771667745295 0.80338 49
1771667746134 0.79824 50
1771667746939 0.74696 51
1771667747737 0.75824 52
1771667748549 0.75164 53
1771667749499 0.75875 54
1771667750302 0.77399 55
1771667751095 0.72503 56
1771667751890 0.73875 57
1771667752694 0.75045 58
1771667753505 0.76189 59
1771667754329 0.77633 60
1771667755138 0.75856 61
1771667755941 0.7427 62
1771667756743 0.73002 63
1771667757551 0.75359 64
1771667758360 0.75197 65
1771667759187 0.75213 66
1771667759994 0.76081 67
1771667760798 0.78185 68
1771667761608 0.78323 69
1771667763108 0.8050339303107179 69
