1771667703617 0.00691 0
1771667704880 0.00749 1
1771667705728 0.00791 2
1771667706583 1.0 3
1771667707423 1.0 4
1771667708256 1.0 5
1771667709079 0.96764 6
1771667709894 0.85596 7
1771667710716 0.82104 8
1771667711533 0.93593 9
1771667712369 0.90839 10
1771667713201 0.81512 11
1771667714035 0.81371 12
1771667714834 0.83587 13
1771667715630 0.68531 14
1771667716433 0.65186 15
1771667717235 0.86729 16
1771667718047 0.95777 17
1771667718853 0.95676 18
1771667719658 0.95926 19
1771667720475 1.0 20
1771667721271 0.97039 21
1771667722068 0.97432 22
1771667722866 0.96056 23
1771667723677 0.95828 24
1771667724491 0.9316 25
1771667725289 0.92908 26
1771667726084 0.90363 27
1771667726884 0.96101 28
1771667727692 0.92232 29
1771667728482 0.96218 30
1771667729947 0.97991 31
1771667730769 0.95048 32
1771667731598 0.96068 33
1771667732417 0.97442 34
1771667733233 0.94239 35
1771667734042 0.93443 36
1771667735092 0.94318 37
1771667735960 0.94226 38
1771667737127 0.96908 39
1771667737932 0.9582 40
1771667738750 0.94174 41
1771667739569 0.95811 42
1771667740381 0.92473 43
1771667741185 0.96202 44
1771667741989 0.96808 45
1771667742791 0.98008 46
1771667743589 0.99417 47
1771667744408 0.99134 48
1771667745295 0.99248 49
1771667746134 0.96211 50
1771667746939 0.94315 51
1771667747737 0.94334 52
1771667748549 0.94852 53
1771667749499 0.96062 54
1771667750302 0.9613 55
1771667751095 0.93951 56
1771667751890 0.9425 57
1771667752694 0.92128 58
1771667753505 0.91055 59
1771667754329 0.95988 60
1771667755138 0.95824 61
1771667755941 0.94267 62
1771667756743 0.93798 63
1771667757551 0.95934 64
1771667758360 0.95929 65
1771667759187 0.96109 66
1771667759994 0.96031 67
1771667760798 0.94063 68
1771667761608 0.94694 69
1771667763108 0.9926311159644493 69
