1771667703617 0.98077 0
1771667704880 1.0 1
1771667705728 1.0 2
1771667706583 0.54935 3
1771667707423 0.43509 4
1771667708256 0.37273 5
1771667709079 0.82692 6
1771667709894 0.76923 7
1771667710716 0.69231 8
1771667711533 0.84286 9
1771667712369 0.86538 10
1771667713201 0.93273 11
1771667714035 0.92399 12
1771667714834 0.82692 13
1771667715630 0.83766 14
1771667716433 0.82819 15
1771667717235 0.87978 16
1771667718047 0.88462 17
1771667718853 0.96154 18
1771667719658 0.94231 19
1771667720475 0.9595 20
1771667721271 0.88462 21
1771667722068 0.90385 22
1771667722866 0.93693 23
1771667723677 0.94231 24
1771667724491 0.94231 25
1771667725289 0.96154 26
1771667726084 0.98077 27
1771667726884 0.96154 28
1771667727692 0.96154 29
1771667728482 0.98077 30
1771667729947 0.93816 31
1771667730769 0.94231 32
1771667731598 0.93985 33
1771667732417 0.92308 34
1771667733233 0.94376 35
1771667734042 0.90385 36
1771667735092 0.95764 37
1771667735960 0.98077 38
1771667737127 0.96154 39
1771667737932 0.98077 40
1771667738750 0.96154 41
1771667739569 0.96154 42
1771667740381 0.94504 43
1771667741185 0.97434 44
1771667741989 0.96154 45
1771667742791 0.94599 46
1771667743589 0.96154 47
1771667744408 0.96154 48
1771667745295 0.94231 49
1771667746134 0.97663 50
1771667746939 0.95726 51
1771667747737 0.96057 52
1771667748549 0.94231 53
1771667749499 0.93838 54
1771667750302 0.95544 55
1771667751095 0.96154 56
1771667751890 0.96154 57
1771667752694 0.96154 58
1771667753505 0.96154 59
1771667754329 0.96154 60
1771667755138 0.96154 61
1771667755941 0.94872 62
1771667756743 0.96154 63
1771667757551 0.96154 64
1771667758360 0.98077 65
1771667759187 0.98077 66
1771667759994 0.98077 67
1771667760798 0.98077 68
1771667761608 0.96154 69
1771667763108 0.9423076923076923 69
