1771667176298 0.00014000000000000001 0
1771667178306 0.00029703 1
1771667180255 0.000450892 2
1771667182468 0.000601586 3
1771667184201 0.000749112 4
1771667186013 0.0008934700000000002 5
1771667187732 0.00103466 6
1771667189535 0.0011726820000000002 7
1771667191262 0.001307536 8
1771667193145 0.001439222 9
1771667194877 0.00156774 10
1771667196582 0.00169309 11
1771667198297 0.0017624 12
1771667199999 0.0017426 13
1771667201720 0.0017228 14
1771667203595 0.001703 15
1771667205318 0.0016832000000000001 16
1771667207050 0.0016634 17
1771667208806 0.0016436000000000003 18
1771667210529 0.0016238000000000001 19
1771667212256 0.0016040000000000002 20
1771667213992 0.0015842 21
1771667215726 0.0015644 22
1771667217447 0.0015446 23
1771667219166 0.0015248 24
1771667220892 0.0015049999999999998 25
1771667222608 0.0014852 26
1771667224334 0.0014654000000000002 27
1771667226060 0.0014456 28
1771667227771 0.0014258 29
1771667229506 0.001406 30
1771667231229 0.0013862 31
1771667232965 0.0013663999999999998 32
1771667234687 0.0013465999999999999 33
1771667236404 0.0013267999999999997 34
1771667238112 0.001307 35
1771667239833 0.0012872 36
1771667241547 0.0012674000000000001 37
1771667243273 0.0012476 38
1771667244995 0.0012278 39
1771667246725 0.001208 40
1771667248445 0.0011882000000000002 41
1771667250166 0.0011684000000000002 42
1771667251880 0.0011486 43
1771667253601 0.0011288000000000001 44
1771667255338 0.001109 45
1771667257056 0.0010892000000000002 46
1771667258787 0.0010694 47
1771667260506 0.0010496000000000001 48
1771667262222 0.0010298 49
1771667263940 0.00101 50
1771667265669 0.0009901999999999999 51
1771667267389 0.0009704 52
1771667269108 0.0009506 53
1771667270827 0.0009308 54
1771667272545 0.0009109999999999999 55
1771667274266 0.0008911999999999999 56
1771667275987 0.0008714 57
1771667277712 0.0008516000000000001 58
1771667279428 0.0008318000000000002 59
