1771770052683 1.62168 0
1771770074751 1.77872 1
1771770096446 1.86092 2
1771770117836 1.8407 3
1771770139091 1.81124 4
1771770160688 1.79004 5
1771770181983 1.76002 6
1771770203245 1.73775 7
1771770224429 1.71662 8
1771770245765 1.67823 9
1771770267014 1.67364 10
1771770288228 1.66553 11
1771770309482 1.653 12
1771770330775 1.61432 13
1771770351971 1.63073 14
1771770373130 1.59467 15
1771770394354 1.58551 16
1771770415678 1.5781 17
1771770436880 1.54954 18
1771770458069 1.56885 19
1771770479323 1.55044 20
1771770500527 1.55812 21
1771770521837 1.52963 22
1771770543072 1.53211 23
1771770564251 1.51872 24
1771770585492 1.50512 25
1771770606715 1.49812 26
1771770627889 1.50131 27
1771770649139 1.4847 28
1771770670359 1.45499 29
1771770691585 1.47724 30
1771770712784 1.45437 31
1771770734158 1.46409 32
1771770755385 1.43741 33
1771770776573 1.44672 34
1771770797800 1.42744 35
1771770819018 1.44087 36
1771770840207 1.41154 37
1771770861409 1.4158 38
1771770882660 1.41084 39
1771770903878 1.40864 40
1771770925064 1.3836 41
1771770946564 1.39084 42
1771770967804 1.36898 43
1771770989010 1.38339 44
1771771010178 1.36631 45
1771771031331 1.36064 46
1771771052539 1.33675 47
1771771073738 1.36046 48
1771771094901 1.3428 49
1771771116065 1.35327 50
1771771137284 1.33699 51
1771771158493 1.33718 52
1771771179677 1.30521 53
1771771200907 1.30675 54
1771771222093 1.33046 55
1771771243279 1.31638 56
1771771264472 1.29227 57
1771771285638 1.27009 58
1771771306792 1.26354 59
1771771327986 1.26754 60
1771771349182 1.27427 61
1771771370353 1.2603 62
1771771391502 1.24497 63
1771771412693 1.25209 64
1771771433938 1.23656 65
1771771455126 1.24348 66
1771771476265 1.22043 67
1771771497433 1.24329 68
1771771518575 1.20549 69
1771771539771 1.22708 70
1771771560678 1.20697 71
1771771581504 1.19828 72
1771771602333 1.17173 73
1771771623168 1.16827 74
1771771643999 1.16277 75
1771771664837 1.15934 76
1771771685675 1.1487 77
1771771706519 1.14711 78
1771771727378 1.13767 79
