1771770052683 2.38151 0
1771770074751 2.03754 1
1771770096446 2.06983 2
1771770117836 2.0411 3
1771770139091 1.97049 4
1771770160688 1.92165 5
1771770181983 1.89271 6
1771770203245 1.85564 7
1771770224429 1.80846 8
1771770245765 1.79546 9
1771770267014 1.76264 10
1771770288228 1.71949 11
1771770309482 1.70149 12
1771770330775 1.66751 13
1771770351971 1.66473 14
1771770373130 1.63007 15
1771770394354 1.61691 16
1771770415678 1.58291 17
1771770436880 1.57584 18
1771770458069 1.5872 19
1771770479323 1.54635 20
1771770500527 1.54471 21
1771770521837 1.52826 22
1771770543072 1.51403 23
1771770564251 1.48219 24
1771770585492 1.50314 25
1771770606715 1.46228 26
1771770627889 1.45968 27
1771770649139 1.45074 28
1771770670359 1.40248 29
1771770691585 1.40729 30
1771770712784 1.39481 31
1771770734158 1.39119 32
1771770755385 1.36072 33
1771770776573 1.37431 34
1771770797800 1.33711 35
1771770819018 1.36013 36
1771770840207 1.32753 37
1771770861409 1.32337 38
1771770882660 1.30417 39
1771770903878 1.32149 40
1771770925064 1.28526 41
1771770946564 1.27905 42
1771770967804 1.26369 43
1771770989010 1.28968 44
1771771010178 1.26714 45
1771771031331 1.24078 46
1771771052539 1.23032 47
1771771073738 1.22153 48
1771771094901 1.22211 49
1771771116065 1.22243 50
1771771137284 1.18377 51
1771771158493 1.18189 52
1771771179677 1.16423 53
1771771200907 1.16925 54
1771771222093 1.18748 55
1771771243279 1.1542 56
1771771264472 1.1379 57
1771771285638 1.12215 58
1771771306792 1.10219 59
1771771327986 1.10626 60
1771771349182 1.11009 61
1771771370353 1.09402 62
1771771391502 1.07372 63
1771771412693 1.08277 64
1771771433938 1.07488 65
1771771455126 1.07835 66
1771771476265 1.04827 67
1771771497433 1.06189 68
1771771518575 1.01221 69
1771771539771 1.00678 70
1771771560678 0.96812 71
1771771581504 0.93755 72
1771771602333 0.93047 73
1771771623168 0.90874 74
1771771643999 0.89994 75
1771771664837 0.9103 76
1771771685675 0.87977 77
1771771706519 0.88286 78
1771771727378 0.87816 79
