1771770052683 1.45781 0
1771770074751 1.58078 1
1771770096446 1.67663 2
1771770117836 1.65882 3
1771770139091 1.65691 4
1771770160688 1.6456 5
1771770181983 1.61264 6
1771770203245 1.59697 7
1771770224429 1.58119 8
1771770245765 1.57422 9
1771770267014 1.56756 10
1771770288228 1.54983 11
1771770309482 1.54522 12
1771770330775 1.51216 13
1771770351971 1.51403 14
1771770373130 1.51451 15
1771770394354 1.50474 16
1771770415678 1.49564 17
1771770436880 1.48864 18
1771770458069 1.48784 19
1771770479323 1.47017 20
1771770500527 1.47429 21
1771770521837 1.45701 22
1771770543072 1.45073 23
1771770564251 1.44147 24
1771770585492 1.45525 25
1771770606715 1.42692 26
1771770627889 1.43229 27
1771770649139 1.41578 28
1771770670359 1.39162 29
1771770691585 1.41781 30
1771770712784 1.39807 31
1771770734158 1.39594 32
1771770755385 1.39319 33
1771770776573 1.39695 34
1771770797800 1.37194 35
1771770819018 1.38424 36
1771770840207 1.35791 37
1771770861409 1.37061 38
1771770882660 1.35506 39
1771770903878 1.35889 40
1771770925064 1.3539 41
1771770946564 1.34748 42
1771770967804 1.33735 43
1771770989010 1.33972 44
1771771010178 1.33877 45
1771771031331 1.32743 46
1771771052539 1.3176 47
1771771073738 1.31745 48
1771771094901 1.31342 49
1771771116065 1.3257 50
1771771137284 1.29714 51
1771771158493 1.30339 52
1771771179677 1.29659 53
1771771200907 1.28247 54
1771771222093 1.30564 55
1771771243279 1.29444 56
1771771264472 1.27997 57
1771771285638 1.26806 58
1771771306792 1.27096 59
1771771327986 1.25616 60
1771771349182 1.2654 61
1771771370353 1.25821 62
1771771391502 1.25172 63
1771771412693 1.24332 64
1771771433938 1.24307 65
1771771455126 1.24848 66
1771771476265 1.24367 67
1771771497433 1.24781 68
1771771518575 1.2338 69
1771771539771 1.2159 70
1771771560678 1.2097 71
1771771581504 1.20296 72
1771771602333 1.20373 73
1771771623168 1.18308 74
1771771643999 1.19132 75
1771771664837 1.18375 76
1771771685675 1.16861 77
1771771706519 1.16722 78
1771771727378 1.17781 79
