1771667372317 0.76313 0
1771667374387 0.77129 1
1771667376134 0.93496 2
1771667377869 0.84277 3
1771667379597 0.71178 4
1771667381323 0.84523 5
1771667383062 0.83197 6
1771667384813 0.61862 7
1771667386545 0.78995 8
1771667388252 0.84637 9
1771667389968 0.8564 10
1771667391723 0.92761 11
1771667393483 0.92789 12
1771667395186 0.84337 13
1771667396899 0.8991 14
1771667398642 0.82109 15
1771667400385 0.91708 16
1771667402158 0.95787 17
1771667403939 0.9535 18
1771667405660 0.88625 19
1771667407393 0.94886 20
1771667409128 0.91862 21
1771667410909 0.85618 22
1771667412634 0.94901 23
1771667414372 0.91756 24
1771667416150 0.90088 25
1771667417905 0.92651 26
1771667419681 0.92988 27
1771667421446 0.96363 28
1771667423214 0.96172 29
1771667424939 0.94968 30
1771667426678 0.94192 31
1771667428434 0.95533 32
1771667430188 0.95885 33
1771667431917 0.93149 34
1771667433684 0.96911 35
1771667435461 0.96523 36
1771667437196 0.95481 37
1771667438918 0.95959 38
1771667440646 0.98582 39
1771667442374 0.98306 40
1771667444124 0.97961 41
1771667445917 0.9783 42
1771667447698 0.97493 43
1771667449472 0.94787 44
1771667451237 0.94312 45
1771667452986 0.94056 46
1771667454720 0.95397 47
1771667456463 0.96913 48
1771667458224 0.96789 49
1771667460005 0.97334 50
1771667461741 0.95825 51
1771667463458 0.96516 52
1771667465181 0.96296 53
1771667466943 0.96216 54
1771667468683 0.97422 55
1771667470408 0.9868 56
1771667472170 0.9808 57
1771667473945 0.98001 58
1771667475679 0.97873 59
1771667477424 0.97643 60
1771667479173 0.97255 61
1771667480962 0.9794175571605841 61
