1771667372317 0.33463 0
1771667374387 0.44213 1
1771667376134 0.61471 2
1771667377869 0.56956 3
1771667379597 0.44429 4
1771667381323 0.56513 5
1771667383062 0.51616 6
1771667384813 0.33192 7
1771667386545 0.43424 8
1771667388252 0.55437 9
1771667389968 0.49448 10
1771667391723 0.61629 11
1771667393483 0.62942 12
1771667395186 0.54175 13
1771667396899 0.60179 14
1771667398642 0.59033 15
1771667400385 0.63479 16
1771667402158 0.6874 17
1771667403939 0.63159 18
1771667405660 0.61755 19
1771667407393 0.68092 20
1771667409128 0.6243 21
1771667410909 0.53858 22
1771667412634 0.65153 23
1771667414372 0.59104 24
1771667416150 0.63393 25
1771667417905 0.62573 26
1771667419681 0.6491 27
1771667421446 0.69677 28
1771667423214 0.69326 29
1771667424939 0.69226 30
1771667426678 0.6721 31
1771667428434 0.70074 32
1771667430188 0.67446 33
1771667431917 0.66877 34
1771667433684 0.73411 35
1771667435461 0.71853 36
1771667437196 0.65493 37
1771667438918 0.71226 38
1771667440646 0.75344 39
1771667442374 0.75576 40
1771667444124 0.78998 41
1771667445917 0.75377 42
1771667447698 0.7536 43
1771667449472 0.74425 44
1771667451237 0.68076 45
1771667452986 0.67095 46
1771667454720 0.69348 47
1771667456463 0.76561 48
1771667458224 0.74465 49
1771667460005 0.74482 50
1771667461741 0.77083 51
1771667463458 0.71472 52
1771667465181 0.71878 53
1771667466943 0.74083 54
1771667468683 0.74368 55
1771667470408 0.76359 56
1771667472170 0.77544 57
1771667473945 0.76693 58
1771667475679 0.75782 59
1771667477424 0.76534 60
1771667479173 0.74945 61
1771667480962 0.789867184777348 61
