1771667372317 0.00654 0
1771667374387 0.00667 1
1771667376134 0.00667 2
1771667377869 1.0 3
1771667379597 1.0 4
1771667381323 0.8657 5
1771667383062 0.93274 6
1771667384813 0.85574 7
1771667386545 0.78227 8
1771667388252 0.9391 9
1771667389968 0.85757 10
1771667391723 0.88835 11
1771667393483 0.93956 12
1771667395186 0.83168 13
1771667396899 0.84193 14
1771667398642 0.77495 15
1771667400385 0.90864 16
1771667402158 0.93311 17
1771667403939 0.92092 18
1771667405660 0.84182 19
1771667407393 0.91595 20
1771667409128 0.93616 21
1771667410909 0.85184 22
1771667412634 0.84894 23
1771667414372 0.88119 24
1771667416150 0.819 25
1771667417905 0.85267 26
1771667419681 0.89654 27
1771667421446 0.95987 28
1771667423214 0.97208 29
1771667424939 0.97599 30
1771667426678 0.94646 31
1771667428434 0.94048 32
1771667430188 0.93459 33
1771667431917 0.90235 34
1771667433684 0.95804 35
1771667435461 0.92063 36
1771667437196 0.95726 37
1771667438918 0.92306 38
1771667440646 0.95444 39
1771667442374 0.97933 40
1771667444124 0.96993 41
1771667445917 0.9593 42
1771667447698 0.93954 43
1771667449472 0.9149 44
1771667451237 0.93619 45
1771667452986 0.91601 46
1771667454720 0.91937 47
1771667456463 0.89011 48
1771667458224 0.92233 49
1771667460005 0.9385 50
1771667461741 0.92274 51
1771667463458 0.96143 52
1771667465181 0.94018 53
1771667466943 0.96059 54
1771667468683 0.98075 55
1771667470408 0.98067 56
1771667472170 0.97735 57
1771667473945 0.96506 58
1771667475679 0.93828 59
1771667477424 0.9564 60
1771667479173 0.95873 61
1771667480962 0.9700704786419072 61
