1771667372317 0.98077 0
1771667374387 1.0 1
1771667376134 1.0 2
1771667377869 0.30987 3
1771667379597 0.41475 4
1771667381323 0.74388 5
1771667383062 0.63462 6
1771667384813 0.40385 7
1771667386545 0.65385 8
1771667388252 0.73077 9
1771667389968 0.69231 10
1771667391723 0.90385 11
1771667393483 0.89689 12
1771667395186 0.78846 13
1771667396899 0.81952 14
1771667398642 0.72846 15
1771667400385 0.82692 16
1771667402158 0.90385 17
1771667403939 0.89586 18
1771667405660 0.92308 19
1771667407393 0.92308 20
1771667409128 0.84615 21
1771667410909 0.77405 22
1771667412634 0.92308 23
1771667414372 0.85584 24
1771667416150 0.86538 25
1771667417905 0.89047 26
1771667419681 0.83334 27
1771667421446 0.92004 28
1771667423214 0.90385 29
1771667424939 0.86538 30
1771667426678 0.86538 31
1771667428434 0.90385 32
1771667430188 0.88462 33
1771667431917 0.84615 34
1771667433684 0.87826 35
1771667435461 0.92308 36
1771667437196 0.86156 37
1771667438918 0.90385 38
1771667440646 0.96154 39
1771667442374 0.91105 40
1771667444124 0.92308 41
1771667445917 0.90665 42
1771667447698 0.96154 43
1771667449472 0.96154 44
1771667451237 0.90385 45
1771667452986 0.88462 46
1771667454720 0.87725 47
1771667456463 0.96154 48
1771667458224 0.91361 49
1771667460005 0.92308 50
1771667461741 0.96154 51
1771667463458 0.95877 52
1771667465181 0.96154 53
1771667466943 0.96154 54
1771667468683 0.97984 55
1771667470408 0.97557 56
1771667472170 0.96154 57
1771667473945 0.98077 58
1771667475679 0.98077 59
1771667477424 0.98077 60
1771667479173 0.98077 61
1771667480962 0.9230769230769231 61
