1771667176298 0.99811 0
1771667178306 0.82527 1
1771667180255 0.87982 2
1771667182468 0.91121 3
1771667184201 0.87713 4
1771667186013 0.88619 5
1771667187732 0.97535 6
1771667189535 0.89196 7
1771667191262 0.92049 8
1771667193145 0.85499 9
1771667194877 0.97984 10
1771667196582 0.97807 11
1771667198297 0.96703 12
1771667199999 0.96384 13
1771667201720 0.91533 14
1771667203595 0.90159 15
1771667205318 0.86765 16
1771667207050 0.90091 17
1771667208806 0.89009 18
1771667210529 0.82777 19
1771667212256 0.81397 20
1771667213992 0.88184 21
1771667215726 0.86238 22
1771667217447 0.84667 23
1771667219166 0.88432 24
1771667220892 0.87622 25
1771667222608 0.83222 26
1771667224334 0.79967 27
1771667226060 0.81505 28
1771667227771 0.8245 29
1771667229506 0.74632 30
1771667231229 0.77735 31
1771667232965 0.74835 32
1771667234687 0.73647 33
1771667236404 0.70772 34
1771667238112 0.81361 35
1771667239833 0.72982 36
1771667241547 0.71732 37
1771667243273 0.74525 38
1771667244995 0.69905 39
1771667246725 0.74457 40
1771667248445 0.676 41
1771667250166 0.69315 42
1771667251880 0.65523 43
1771667253601 0.69244 44
1771667255338 0.67657 45
1771667257056 0.67271 46
1771667258787 0.70579 47
1771667260506 0.70303 48
1771667262222 0.65871 49
1771667263940 0.63718 50
1771667265669 0.62096 51
1771667267389 0.67564 52
1771667269108 0.62124 53
1771667270827 0.64987 54
1771667272545 0.66226 55
1771667274266 0.67984 56
1771667275987 0.65231 57
1771667277712 0.64327 58
1771667279428 0.62841 59
