1771667176298 2.47583 0
1771667178306 2.02402 1
1771667180255 1.63605 2
1771667182468 1.39469 3
1771667184201 1.2062 4
1771667186013 1.12844 5
1771667187732 1.15743 6
1771667189535 1.04666 7
1771667191262 1.02889 8
1771667193145 0.97268 9
1771667194877 1.07976 10
1771667196582 1.05441 11
1771667198297 0.99275 12
1771667199999 1.01105 13
1771667201720 0.95463 14
1771667203595 0.92787 15
1771667205318 0.85949 16
1771667207050 0.92147 17
1771667208806 0.85721 18
1771667210529 0.86334 19
1771667212256 0.81424 20
1771667213992 0.88604 21
1771667215726 0.89474 22
1771667217447 0.82899 23
1771667219166 0.84839 24
1771667220892 0.8441 25
1771667222608 0.7841 26
1771667224334 0.76249 27
1771667226060 0.73245 28
1771667227771 0.72747 29
1771667229506 0.71207 30
1771667231229 0.73235 31
1771667232965 0.68647 32
1771667234687 0.68782 33
1771667236404 0.6662 34
1771667238112 0.72059 35
1771667239833 0.6609 36
1771667241547 0.65688 37
1771667243273 0.69151 38
1771667244995 0.66357 39
1771667246725 0.66822 40
1771667248445 0.6492 41
1771667250166 0.62973 42
1771667251880 0.60833 43
1771667253601 0.6095 44
1771667255338 0.61337 45
1771667257056 0.60991 46
1771667258787 0.62833 47
1771667260506 0.62889 48
1771667262222 0.59652 49
1771667263940 0.57495 50
1771667265669 0.5679 51
1771667267389 0.57586 52
1771667269108 0.56623 53
1771667270827 0.56891 54
1771667272545 0.60219 55
1771667274266 0.59504 56
1771667275987 0.58751 57
1771667277712 0.57889 58
1771667279428 0.54075 59
