1771667176298 1.17627 0
1771667178306 1.07867 1
1771667180255 1.13754 2
1771667182468 1.17192 3
1771667184201 1.11358 4
1771667186013 1.13826 5
1771667187732 1.14114 6
1771667189535 1.09547 7
1771667191262 1.10819 8
1771667193145 1.08773 9
1771667194877 1.15344 10
1771667196582 1.14975 11
1771667198297 1.13387 12
1771667199999 1.11735 13
1771667201720 1.08539 14
1771667203595 1.09014 15
1771667205318 1.08347 16
1771667207050 1.10921 17
1771667208806 1.07152 18
1771667210529 1.07033 19
1771667212256 1.04785 20
1771667213992 1.08945 21
1771667215726 1.10738 22
1771667217447 1.08238 23
1771667219166 1.13526 24
1771667220892 1.07431 25
1771667222608 1.07147 26
1771667224334 1.03582 27
1771667226060 1.08079 28
1771667227771 1.03716 29
1771667229506 1.00626 30
1771667231229 1.02055 31
1771667232965 1.01994 32
1771667234687 1.01352 33
1771667236404 1.00684 34
1771667238112 1.0386 35
1771667239833 1.01807 36
1771667241547 1.00595 37
1771667243273 1.0227 38
1771667244995 0.99837 39
1771667246725 1.03262 40
1771667248445 1.00882 41
1771667250166 1.0236 42
1771667251880 0.98274 43
1771667253601 1.00096 44
1771667255338 0.99682 45
1771667257056 0.98713 46
1771667258787 1.01504 47
1771667260506 1.01655 48
1771667262222 0.99699 49
1771667263940 0.98585 50
1771667265669 0.95416 51
1771667267389 0.99732 52
1771667269108 0.96824 53
1771667270827 0.99295 54
1771667272545 0.98361 55
1771667274266 1.01191 56
1771667275987 0.96931 57
1771667277712 1.00024 58
1771667279428 0.98209 59
