1771667486372 2.5767 0
1771667487484 2.10176 1
1771667488195 1.95326 2
1771667488908 1.88855 3
1771667489651 1.83406 4
1771667490424 1.83025 5
1771667491101 1.75524 6
1771667491775 1.77904 7
1771667492482 1.77966 8
1771667493118 1.66756 9
1771667493757 1.62735 10
1771667494378 1.63269 11
1771667495042 1.60041 12
1771667495687 1.56245 13
1771667496382 1.5353 14
1771667497004 1.53157 15
1771667497650 1.52433 16
1771667498277 1.48727 17
1771667498949 1.5098 18
1771667499688 1.43692 19
1771667500369 1.5059 20
1771667501058 1.47899 21
1771667501747 1.48794 22
1771667502436 1.44335 23
1771667503119 1.37703 24
1771667503797 1.42589 25
1771667504466 1.41413 26
1771667505135 1.49659 27
1771667505805 1.37834 28
1771667506478 1.35103 29
1771667507469 1.42421 30
1771667508159 1.38023 31
1771667508820 1.31005 32
1771667509576 1.34208 33
1771667510260 1.29158 34
1771667510892 1.38327 35
1771667511558 1.33042 36
1771667512188 1.34006 37
1771667512807 1.36333 38
1771667513432 1.30596 39
1771667514178 1.36892 40
1771667514805 1.33944 41
1771667515455 1.31937 42
1771667516079 1.29106 43
