1771667486372 3.5172 0
1771667487484 3.22733 1
1771667488195 2.75618 2
1771667488908 2.32165 3
1771667489651 1.81513 4
1771667490424 1.43768 5
1771667491101 1.20643 6
1771667491775 1.14713 7
1771667492482 1.11266 8
1771667493118 1.04249 9
1771667493757 1.0467 10
1771667494378 1.04119 11
1771667495042 0.97059 12
1771667495687 0.94254 13
1771667496382 0.92183 14
1771667497004 0.91271 15
1771667497650 0.93765 16
1771667498277 0.90322 17
1771667498949 0.87874 18
1771667499688 0.882 19
1771667500369 0.89153 20
1771667501058 0.90768 21
1771667501747 0.91699 22
1771667502436 0.86236 23
1771667503119 0.84642 24
1771667503797 0.85924 25
1771667504466 0.83047 26
1771667505135 0.8534 27
1771667505805 0.80626 28
1771667506478 0.80769 29
1771667507469 0.81696 30
1771667508159 0.79003 31
1771667508820 0.79417 32
1771667509576 0.7717 33
1771667510260 0.75265 34
1771667510892 0.79458 35
1771667511558 0.78898 36
1771667512188 0.7932 37
1771667512807 0.76719 38
1771667513432 0.75602 39
1771667514178 0.78287 40
1771667514805 0.78867 41
1771667515455 0.77198 42
1771667516079 0.73051 43
