1771667486372 1.53244 0
1771667487484 1.25396 1
1771667488195 1.17012 2
1771667488908 1.14187 3
1771667489651 1.10507 4
1771667490424 1.11374 5
1771667491101 1.10039 6
1771667491775 1.11767 7
1771667492482 1.1307 8
1771667493118 1.1078 9
1771667493757 1.09848 10
1771667494378 1.11507 11
1771667495042 1.12528 12
1771667495687 1.10458 13
1771667496382 1.05867 14
1771667497004 1.06829 15
1771667497650 1.07152 16
1771667498277 1.07982 17
1771667498949 1.06471 18
1771667499688 1.05485 19
1771667500369 1.03954 20
1771667501058 1.04461 21
1771667501747 1.08542 22
1771667502436 1.06612 23
1771667503119 1.04828 24
1771667503797 1.0268 25
1771667504466 1.0553 26
1771667505135 1.05864 27
1771667505805 1.05003 28
1771667506478 1.03185 29
1771667507469 1.04435 30
1771667508159 1.02574 31
1771667508820 1.01493 32
1771667509576 1.00791 33
1771667510260 1.00542 34
1771667510892 0.9985 35
1771667511558 1.01334 36
1771667512188 1.01205 37
1771667512807 1.00527 38
1771667513432 0.99612 39
1771667514178 1.00903 40
1771667514805 1.01808 41
1771667515455 1.02701 42
1771667516079 0.99416 43
