1771766545643 0.0005505216049382717 0
1771766567350 0.0010924991917438272 1
1771766588700 0.0016207240285493827 2
1771766611724 0.0016051126250000002 3
1771766633438 0.0015844835000000002 4
1771766655605 0.001563854375 5
1771766677802 0.0015432252500000002 6
1771766700022 0.001522596125 7
1771766722195 0.001501967 8
1771766744100 0.001481337875 9
1771766766022 0.00146070875 10
1771766788017 0.0014400796250000002 11
1771766809927 0.0014194505000000002 12
1771766833084 0.001398821375 13
1771766855079 0.00137819225 14
1771766877573 0.001357563125 15
1771766899937 0.0013369340000000001 16
1771766921864 0.001316304875 17
1771766944068 0.00129567575 18
1771766966549 0.001275046625 19
1771766988883 0.0012544175 20
1771767011033 0.001233788375 21
1771767033137 0.00121315925 22
1771767055350 0.001192530125 23
1771767077779 0.001171901 24
1771767100188 0.0011512718750000001 25
1771767122764 0.00113064275 26
1771767145017 0.001110013625 27
1771767167253 0.0010893845 28
1771767189375 0.001068755375 29
1771767211607 0.00104812625 30
1771767233778 0.001027497125 31
1771767256149 0.001006868 32
1771767278393 0.0009862388750000001 33
1771767300648 0.0009656097499999999 34
1771767322761 0.0009449806250000001 35
1771767345117 0.0009243515000000001 36
1771767368111 0.0009037223749999999 37
1771767392019 0.0008830932500000001 38
1771767421783 0.0008624641249999999 39
1771767453709 0.0008418350000000001 40
1771767476051 0.0008212058750000001 41
1771767498318 0.00080057675 42
1771767520741 0.0007799476250000001 43
1771767543994 0.0007593185 44
1771767566102 0.000738689375 45
1771767588123 0.00071806025 46
1771767610177 0.000697431125 47
1771767632452 0.0006768020000000001 48
1771767654597 0.000656172875 49
1771767676662 0.00063554375 50
1771767698644 0.0006149146250000001 51
1771767720562 0.0005942855 52
1771767742549 0.0005736563750000001 53
1771767764438 0.00055302725 54
1771767786456 0.000532398125 55
1771767808569 0.0005117690000000001 56
1771767830586 0.000491139875 57
1771767852821 0.00047051075000000003 58
1771767874883 0.000449881625 59
1771767896908 0.00042925250000000004 60
1771767918921 0.00040862337500000007 61
1771767940893 0.00038799425 62
1771767962800 0.000367365125 63
1771767984661 0.00034673599999999994 64
1771768006287 0.000326106875 65
1771768027800 0.0003054777500000001 66
1771768049471 0.00028484862500000003 67
1771768071445 0.00026421950000000006 68
1771768093672 0.00024359037499999998 69
1771768115951 0.00022296125 70
1771768137662 0.00020233212500000007 71
1771768159376 0.00018170299999999996 72
1771768181098 0.00016107387500000002 73
1771768202724 0.00014044474999999992 74
1771768223850 0.000119815625 75
1771768244966 9.918650000000008e-05 76
1771768265954 7.855737499999997e-05 77
1771768286923 5.792825000000004e-05 78
1771768307900 3.729912499999993e-05 79
