1772026371233 0.49793 0
1772026393854 0.37198 1
1772026414770 0.41145 2
1772026435652 0.35664 3
1772026456044 0.43053 4
1772026476386 0.50776 5
1772026496958 0.42642 6
1772026517585 0.49757 7
1772026538012 0.48819 8
1772026558477 0.50304 9
1772026579300 0.51227 10
1772026599726 0.5268 11
1772026620022 0.41921 12
1772026640313 0.53308 13
1772026660593 0.54275 14
1772026681095 0.55537 15
1772026701474 0.48201 16
1772026721875 0.56319 17
1772026742201 0.55387 18
1772026762548 0.56586 19
1772026782982 0.55951 20
1772026803251 0.54878 21
1772026823494 0.54446 22
1772026843772 0.53457 23
1772026864046 0.57417 24
1772026884346 0.59478 25
1772026904682 0.55777 26
1772026924922 0.57966 27
1772026945148 0.57975 28
1772026965468 0.57636 29
1772026985837 0.58854 30
1772027006287 0.5898 31
1772027026806 0.5737 32
1772027047788 0.58966 33
1772027068814 0.5932 34
1772027089894 0.59188 35
1772027111097 0.56305 36
1772027132269 0.59688 37
1772027153395 0.60387 38
1772027174423 0.59387 39
1772027195629 0.59796 40
1772027216709 0.60416 41
1772027237737 0.59747 42
1772027258295 0.60543 43
1772027278781 0.58787 44
1772027299261 0.61162 45
1772027319801 0.60644 46
1772027340248 0.60759 47
1772027360694 0.61329 48
1772027381181 0.60882 49
1772027401736 0.6202 50
1772027422089 0.60379 51
1772027442374 0.61191 52
1772027462628 0.59999 53
1772027482915 0.60985 54
1772027503214 0.60254 55
1772027523578 0.60779 56
1772027544060 0.61076 57
1772027564460 0.60305 58
1772027584868 0.60935 59
1772027605359 0.62057 60
1772027626091 0.61875 61
1772027647264 0.61682 62
1772027668502 0.60613 63
1772027689247 0.61007 64
1772027709714 0.61633 65
1772027730343 0.60711 66
1772027750991 0.62181 67
1772027771665 0.62156 68
1772027792215 0.62428 69
1772027812865 0.6291 70
1772027833560 0.63217 71
1772027854150 0.61819 72
1772027874831 0.62888 73
1772027895331 0.63492 74
1772027915865 0.63605 75
1772027936385 0.63732 76
1772027957064 0.62275 77
1772027977896 0.62844 78
1772027998521 0.62967 79
1772028019081 0.63349 80
1772028039543 0.63063 81
1772028060042 0.62611 82
1772028080964 0.63986 83
1772028102163 0.6346 84
1772028123350 0.63094 85
1772028144627 0.64366 86
1772028165830 0.63385 87
1772028186884 0.62725 88
1772028207773 0.63517 89
1772028228543 0.63308 90
1772028249074 0.62943 91
1772028269532 0.64529 92
1772028289903 0.64008 93
1772028310343 0.645 94
1772028330763 0.63874 95
1772028351304 0.64196 96
1772028371791 0.65146 97
1772028392348 0.6347 98
1772028412778 0.64673 99
1772028433170 0.6382 100
1772028453398 0.64108 101
1772028473684 0.64602 102
1772028494193 0.64306 103
1772028514687 0.6486 104
1772028535240 0.64694 105
1772028555810 0.64616 106
1772028576300 0.64109 107
1772028596786 0.64583 108
1772028617247 0.64479 109
1772028637685 0.65273 110
1772028658124 0.64059 111
1772028678678 0.64268 112
1772028699360 0.64386 113
1772028719802 0.64939 114
1772028740443 0.64131 115
1772028761118 0.64839 116
1772028782038 0.65207 117
1772028802554 0.653 118
1772028823118 0.64957 119
1772028843835 0.6363 120
1772028864290 0.64819 121
1772028884800 0.65068 122
1772028905092 0.64786 123
1772028925334 0.64949 124
1772028945613 0.65225 125
1772028965876 0.64714 126
1772028986143 0.64144 127
1772029006590 0.65475 128
1772029027130 0.65501 129
1772029047686 0.65016 130
1772029068431 0.65292 131
1772029089107 0.64966 132
1772029109767 0.65729 133
1772029130335 0.64327 134
1772029150796 0.64308 135
1772029171040 0.64888 136
1772029191553 0.64833 137
1772029211891 0.65198 138
1772029232165 0.64738 139
1772029252449 0.65289 140
1772029272973 0.6504 141
1772029293522 0.65387 142
1772029314051 0.64821 143
1772029334450 0.65662 144
1772029355079 0.65793 145
1772029375579 0.65507 146
1772029395876 0.65895 147
1772029416122 0.65444 148
1772029436468 0.65795 149
1772029457117 0.65619 150
1772029477439 0.66135 151
1772029497659 0.66325 152
1772029517904 0.65672 153
1772029538208 0.65507 154
1772029558428 0.65567 155
1772029578675 0.65704 156
1772029599055 0.6593 157
1772029619283 0.66288 158
1772029639512 0.66107 159
1772029659729 0.66318 160
1772029679977 0.65543 161
1772029700624 0.65862 162
1772029721192 0.66003 163
1772029741598 0.65919 164
1772029762044 0.65935 165
1772029782555 0.65569 166
1772029803052 0.65567 167
1772029823548 0.65993 168
1772029843954 0.65388 169
1772029864472 0.66098 170
1772029884892 0.65616 171
1772029905409 0.65926 172
1772029925921 0.66098 173
1772029946411 0.66016 174
1772029966898 0.65992 175
1772029987492 0.6606 176
1772030008044 0.66021 177
1772030028633 0.66182 178
1772030049284 0.66344 179
1772030069817 0.66503 180
1772030090605 0.66563 181
1772030111305 0.66451 182
1772030131824 0.66324 183
1772030152690 0.66626 184
1772030173758 0.66435 185
1772030194811 0.66345 186
1772030215928 0.6646 187
1772030236983 0.66188 188
1772030258059 0.6619 189
1772030279895 0.65025 190
1772030300965 0.65598 191
1772030321580 0.65859 192
1772030342073 0.66257 193
1772030362533 0.66625 194
1772030383005 0.6673 195
1772030403632 0.66928 196
1772030424227 0.67128 197
1772030444775 0.67312 198
1772030465247 0.67369 199
1772030481232 0.6735195399403624 199
