1772026371233 0.27806 0
1772026393854 0.16932 1
1772026414770 0.18716 2
1772026435652 0.16349 3
1772026456044 0.19285 4
1772026476386 0.25138 5
1772026496958 0.2101 6
1772026517585 0.2554 7
1772026538012 0.26005 8
1772026558477 0.26413 9
1772026579300 0.26909 10
1772026599726 0.28813 11
1772026620022 0.20373 12
1772026640313 0.28352 13
1772026660593 0.29911 14
1772026681095 0.29919 15
1772026701474 0.2445 16
1772026721875 0.30934 17
1772026742201 0.30202 18
1772026762548 0.31373 19
1772026782982 0.31774 20
1772026803251 0.30547 21
1772026823494 0.29677 22
1772026843772 0.29395 23
1772026864046 0.31954 24
1772026884346 0.33692 25
1772026904682 0.30947 26
1772026924922 0.3244 27
1772026945148 0.33341 28
1772026965468 0.33008 29
1772026985837 0.32493 30
1772027006287 0.3387 31
1772027026806 0.32836 32
1772027047788 0.33628 33
1772027068814 0.33646 34
1772027089894 0.33568 35
1772027111097 0.31728 36
1772027132269 0.34474 37
1772027153395 0.34917 38
1772027174423 0.33991 39
1772027195629 0.34229 40
1772027216709 0.35067 41
1772027237737 0.34152 42
1772027258295 0.34878 43
1772027278781 0.33983 44
1772027299261 0.36065 45
1772027319801 0.35424 46
1772027340248 0.34567 47
1772027360694 0.35478 48
1772027381181 0.34321 49
1772027401736 0.36049 50
1772027422089 0.34582 51
1772027442374 0.35142 52
1772027462628 0.35175 53
1772027482915 0.35598 54
1772027503214 0.35007 55
1772027523578 0.36017 56
1772027544060 0.35509 57
1772027564460 0.35015 58
1772027584868 0.35826 59
1772027605359 0.36598 60
1772027626091 0.36596 61
1772027647264 0.36259 62
1772027668502 0.35637 63
1772027689247 0.35321 64
1772027709714 0.367 65
1772027730343 0.35905 66
1772027750991 0.37391 67
1772027771665 0.37159 68
1772027792215 0.37026 69
1772027812865 0.37049 70
1772027833560 0.37777 71
1772027854150 0.36484 72
1772027874831 0.36927 73
1772027895331 0.37321 74
1772027915865 0.37696 75
1772027936385 0.37009 76
1772027957064 0.36903 77
1772027977896 0.37292 78
1772027998521 0.37402 79
1772028019081 0.37738 80
1772028039543 0.38071 81
1772028060042 0.37293 82
1772028080964 0.38132 83
1772028102163 0.38181 84
1772028123350 0.37571 85
1772028144627 0.38291 86
1772028165830 0.38102 87
1772028186884 0.3798 88
1772028207773 0.38037 89
1772028228543 0.37749 90
1772028249074 0.37707 91
1772028269532 0.38744 92
1772028289903 0.38741 93
1772028310343 0.38811 94
1772028330763 0.38695 95
1772028351304 0.39032 96
1772028371791 0.39208 97
1772028392348 0.38136 98
1772028412778 0.3877 99
1772028433170 0.38451 100
1772028453398 0.3896 101
1772028473684 0.39096 102
1772028494193 0.38879 103
1772028514687 0.39441 104
1772028535240 0.39005 105
1772028555810 0.38606 106
1772028576300 0.38207 107
1772028596786 0.39049 108
1772028617247 0.38732 109
1772028637685 0.39437 110
1772028658124 0.38971 111
1772028678678 0.38812 112
1772028699360 0.38971 113
1772028719802 0.39152 114
1772028740443 0.38416 115
1772028761118 0.39416 116
1772028782038 0.39413 117
1772028802554 0.39997 118
1772028823118 0.39575 119
1772028843835 0.38685 120
1772028864290 0.39117 121
1772028884800 0.3926 122
1772028905092 0.39409 123
1772028925334 0.39624 124
1772028945613 0.39447 125
1772028965876 0.39484 126
1772028986143 0.3899 127
1772029006590 0.39891 128
1772029027130 0.39837 129
1772029047686 0.39798 130
1772029068431 0.39973 131
1772029089107 0.39512 132
1772029109767 0.40061 133
1772029130335 0.39178 134
1772029150796 0.39305 135
1772029171040 0.39581 136
1772029191553 0.39776 137
1772029211891 0.40013 138
1772029232165 0.39686 139
1772029252449 0.39881 140
1772029272973 0.39828 141
1772029293522 0.40124 142
1772029314051 0.40005 143
1772029334450 0.39938 144
1772029355079 0.40226 145
1772029375579 0.40045 146
1772029395876 0.40327 147
1772029416122 0.40256 148
1772029436468 0.4059 149
1772029457117 0.40583 150
1772029477439 0.40509 151
1772029497659 0.40769 152
1772029517904 0.40219 153
1772029538208 0.40113 154
1772029558428 0.40374 155
1772029578675 0.40693 156
1772029599055 0.40589 157
1772029619283 0.41051 158
1772029639512 0.41038 159
1772029659729 0.41201 160
1772029679977 0.40664 161
1772029700624 0.4079 162
1772029721192 0.4105 163
1772029741598 0.40902 164
1772029762044 0.40789 165
1772029782555 0.40643 166
1772029803052 0.40221 167
1772029823548 0.40547 168
1772029843954 0.40135 169
1772029864472 0.40776 170
1772029884892 0.40356 171
1772029905409 0.40571 172
1772029925921 0.4094 173
1772029946411 0.40953 174
1772029966898 0.4087 175
1772029987492 0.41019 176
1772030008044 0.40979 177
1772030028633 0.4111 178
1772030049284 0.4113 179
1772030069817 0.41157 180
1772030090605 0.41237 181
1772030111305 0.4106 182
1772030131824 0.40861 183
1772030152690 0.40983 184
1772030173758 0.41036 185
1772030194811 0.41 186
1772030215928 0.40975 187
1772030236983 0.40879 188
1772030258059 0.41006 189
1772030279895 0.40295 190
1772030300965 0.40378 191
1772030321580 0.4083 192
1772030342073 0.4127 193
1772030362533 0.41478 194
1772030383005 0.41622 195
1772030403632 0.41659 196
1772030424227 0.41711 197
1772030444775 0.41872 198
1772030465247 0.41823 199
1772030481232 0.42759946845508157 199
