1772026371233 0.82695 0
1772026393854 0.50974 1
1772026414770 0.46553 2
1772026435652 0.4107 3
1772026456044 0.51965 4
1772026476386 0.59546 5
1772026496958 0.53205 6
1772026517585 0.59744 7
1772026538012 0.57688 8
1772026558477 0.63783 9
1772026579300 0.58065 10
1772026599726 0.59819 11
1772026620022 0.57093 12
1772026640313 0.64711 13
1772026660593 0.65976 14
1772026681095 0.6872 15
1772026701474 0.60091 16
1772026721875 0.65053 17
1772026742201 0.67959 18
1772026762548 0.69066 19
1772026782982 0.68626 20
1772026803251 0.62414 21
1772026823494 0.63717 22
1772026843772 0.64391 23
1772026864046 0.67022 24
1772026884346 0.681 25
1772026904682 0.62913 26
1772026924922 0.66592 27
1772026945148 0.66465 28
1772026965468 0.68526 29
1772026985837 0.68045 30
1772027006287 0.68579 31
1772027026806 0.68989 32
1772027047788 0.70107 33
1772027068814 0.69304 34
1772027089894 0.68102 35
1772027111097 0.66117 36
1772027132269 0.699 37
1772027153395 0.7161 38
1772027174423 0.68232 39
1772027195629 0.70205 40
1772027216709 0.74328 41
1772027237737 0.72035 42
1772027258295 0.69682 43
1772027278781 0.67185 44
1772027299261 0.70756 45
1772027319801 0.74158 46
1772027340248 0.67766 47
1772027360694 0.73844 48
1772027381181 0.72831 49
1772027401736 0.69849 50
1772027422089 0.68565 51
1772027442374 0.70148 52
1772027462628 0.69835 53
1772027482915 0.69753 54
1772027503214 0.68173 55
1772027523578 0.69867 56
1772027544060 0.7371 57
1772027564460 0.7235 58
1772027584868 0.69633 59
1772027605359 0.72393 60
1772027626091 0.7045 61
1772027647264 0.702 62
1772027668502 0.69523 63
1772027689247 0.67915 64
1772027709714 0.70303 65
1772027730343 0.70337 66
1772027750991 0.7309 67
1772027771665 0.74114 68
1772027792215 0.72845 69
1772027812865 0.72149 70
1772027833560 0.72792 71
1772027854150 0.7153 72
1772027874831 0.73997 73
1772027895331 0.73641 74
1772027915865 0.7359 75
1772027936385 0.72806 76
1772027957064 0.7295 77
1772027977896 0.71077 78
1772027998521 0.71773 79
1772028019081 0.73581 80
1772028039543 0.70997 81
1772028060042 0.71821 82
1772028080964 0.72906 83
1772028102163 0.71703 84
1772028123350 0.7013 85
1772028144627 0.7531 86
1772028165830 0.73666 87
1772028186884 0.71159 88
1772028207773 0.71768 89
1772028228543 0.72858 90
1772028249074 0.71351 91
1772028269532 0.72327 92
1772028289903 0.70386 93
1772028310343 0.73776 94
1772028330763 0.74312 95
1772028351304 0.73211 96
1772028371791 0.73442 97
1772028392348 0.73407 98
1772028412778 0.75422 99
1772028433170 0.72164 100
1772028453398 0.7225 101
1772028473684 0.72588 102
1772028494193 0.74359 103
1772028514687 0.73432 104
1772028535240 0.71998 105
1772028555810 0.73354 106
1772028576300 0.70841 107
1772028596786 0.75702 108
1772028617247 0.71901 109
1772028637685 0.73284 110
1772028658124 0.73416 111
1772028678678 0.70602 112
1772028699360 0.73455 113
1772028719802 0.73382 114
1772028740443 0.6926 115
1772028761118 0.74664 116
1772028782038 0.72353 117
1772028802554 0.71602 118
1772028823118 0.719 119
1772028843835 0.70878 120
1772028864290 0.73635 121
1772028884800 0.72734 122
1772028905092 0.73097 123
1772028925334 0.72237 124
1772028945613 0.75849 125
1772028965876 0.72722 126
1772028986143 0.72673 127
1772029006590 0.73116 128
1772029027130 0.73604 129
1772029047686 0.74227 130
1772029068431 0.73699 131
1772029089107 0.73133 132
1772029109767 0.73642 133
1772029130335 0.7461 134
1772029150796 0.73484 135
1772029171040 0.70933 136
1772029191553 0.74898 137
1772029211891 0.73971 138
1772029232165 0.7332 139
1772029252449 0.7274 140
1772029272973 0.73065 141
1772029293522 0.7381 142
1772029314051 0.76123 143
1772029334450 0.77126 144
1772029355079 0.74915 145
1772029375579 0.75016 146
1772029395876 0.75411 147
1772029416122 0.75264 148
1772029436468 0.73648 149
1772029457117 0.77386 150
1772029477439 0.76598 151
1772029497659 0.76029 152
1772029517904 0.74394 153
1772029538208 0.74621 154
1772029558428 0.77429 155
1772029578675 0.7672 156
1772029599055 0.761 157
1772029619283 0.77609 158
1772029639512 0.76198 159
1772029659729 0.74737 160
1772029679977 0.74184 161
1772029700624 0.73906 162
1772029721192 0.74295 163
1772029741598 0.72828 164
1772029762044 0.74982 165
1772029782555 0.7718 166
1772029803052 0.78541 167
1772029823548 0.75757 168
1772029843954 0.77534 169
1772029864472 0.7548 170
1772029884892 0.74884 171
1772029905409 0.73763 172
1772029925921 0.7361 173
1772029946411 0.7337 174
1772029966898 0.7483 175
1772029987492 0.75555 176
1772030008044 0.72651 177
1772030028633 0.76187 178
1772030049284 0.77135 179
1772030069817 0.75569 180
1772030090605 0.76324 181
1772030111305 0.74568 182
1772030131824 0.75425 183
1772030152690 0.76074 184
1772030173758 0.75654 185
1772030194811 0.75654 186
1772030215928 0.76819 187
1772030236983 0.77565 188
1772030258059 0.76885 189
1772030279895 0.74989 190
1772030300965 0.74437 191
1772030321580 0.75006 192
1772030342073 0.76016 193
1772030362533 0.73646 194
1772030383005 0.75531 195
1772030403632 0.75512 196
1772030424227 0.75081 197
1772030444775 0.75617 198
1772030465247 0.74733 199
1772030481232 0.7521682111536832 199
