1772026371233 0.26481 0
1772026393854 0.39686 1
1772026414770 0.45514 2
1772026435652 0.40592 3
1772026456044 0.43292 4
1772026476386 0.4739 5
1772026496958 0.42391 6
1772026517585 0.48942 7
1772026538012 0.48141 8
1772026558477 0.4795 9
1772026579300 0.49373 10
1772026599726 0.49911 11
1772026620022 0.41384 12
1772026640313 0.51162 13
1772026660593 0.50469 14
1772026681095 0.49889 15
1772026701474 0.48319 16
1772026721875 0.54859 17
1772026742201 0.5055 18
1772026762548 0.52533 19
1772026782982 0.50079 20
1772026803251 0.50797 21
1772026823494 0.5257 22
1772026843772 0.49992 23
1772026864046 0.55713 24
1772026884346 0.56785 25
1772026904682 0.54893 26
1772026924922 0.54329 27
1772026945148 0.53752 28
1772026965468 0.53651 29
1772026985837 0.52657 30
1772027006287 0.54411 31
1772027026806 0.52546 32
1772027047788 0.55125 33
1772027068814 0.54568 34
1772027089894 0.5509 35
1772027111097 0.533 36
1772027132269 0.53551 37
1772027153395 0.56567 38
1772027174423 0.5498 39
1772027195629 0.56262 40
1772027216709 0.54796 41
1772027237737 0.53025 42
1772027258295 0.55083 43
1772027278781 0.56736 44
1772027299261 0.56531 45
1772027319801 0.53384 46
1772027340248 0.57915 47
1772027360694 0.54885 48
1772027381181 0.55518 49
1772027401736 0.57808 50
1772027422089 0.54416 51
1772027442374 0.554 52
1772027462628 0.55003 53
1772027482915 0.5484 54
1772027503214 0.56819 55
1772027523578 0.57333 56
1772027544060 0.54097 57
1772027564460 0.55438 58
1772027584868 0.57026 59
1772027605359 0.57189 60
1772027626091 0.57556 61
1772027647264 0.56778 62
1772027668502 0.55871 63
1772027689247 0.56417 64
1772027709714 0.57287 65
1772027730343 0.56111 66
1772027750991 0.56431 67
1772027771665 0.5524 68
1772027792215 0.57102 69
1772027812865 0.58994 70
1772027833560 0.58558 71
1772027854150 0.57257 72
1772027874831 0.56853 73
1772027895331 0.5745 74
1772027915865 0.58209 75
1772027936385 0.59179 76
1772027957064 0.56787 77
1772027977896 0.57668 78
1772027998521 0.58297 79
1772028019081 0.58541 80
1772028039543 0.59374 81
1772028060042 0.58097 82
1772028080964 0.59078 83
1772028102163 0.58842 84
1772028123350 0.58803 85
1772028144627 0.57583 86
1772028165830 0.57094 87
1772028186884 0.59521 88
1772028207773 0.59361 89
1772028228543 0.58861 90
1772028249074 0.58917 91
1772028269532 0.59403 92
1772028289903 0.59629 93
1772028310343 0.58809 94
1772028330763 0.58841 95
1772028351304 0.60278 96
1772028371791 0.5968 97
1772028392348 0.57221 98
1772028412778 0.57417 99
1772028433170 0.58961 100
1772028453398 0.59808 101
1772028473684 0.59209 102
1772028494193 0.59062 103
1772028514687 0.59113 104
1772028535240 0.60865 105
1772028555810 0.6079 106
1772028576300 0.60146 107
1772028596786 0.57475 108
1772028617247 0.59695 109
1772028637685 0.59975 110
1772028658124 0.59477 111
1772028678678 0.60229 112
1772028699360 0.58202 113
1772028719802 0.60008 114
1772028740443 0.60718 115
1772028761118 0.59331 116
1772028782038 0.60889 117
1772028802554 0.61002 118
1772028823118 0.60766 119
1772028843835 0.59462 120
1772028864290 0.5972 121
1772028884800 0.60104 122
1772028905092 0.60142 123
1772028925334 0.59695 124
1772028945613 0.5758 125
1772028965876 0.60126 126
1772028986143 0.60443 127
1772029006590 0.60979 128
1772029027130 0.60889 129
1772029047686 0.59546 130
1772029068431 0.60301 131
1772029089107 0.60051 132
1772029109767 0.60621 133
1772029130335 0.58486 134
1772029150796 0.60029 135
1772029171040 0.60684 136
1772029191553 0.59299 137
1772029211891 0.59928 138
1772029232165 0.59092 139
1772029252449 0.60594 140
1772029272973 0.60646 141
1772029293522 0.60101 142
1772029314051 0.57702 143
1772029334450 0.58267 144
1772029355079 0.60364 145
1772029375579 0.59355 146
1772029395876 0.60405 147
1772029416122 0.60189 148
1772029436468 0.61335 149
1772029457117 0.59105 150
1772029477439 0.58964 151
1772029497659 0.60518 152
1772029517904 0.60685 153
1772029538208 0.60175 154
1772029558428 0.58446 155
1772029578675 0.59293 156
1772029599055 0.59698 157
1772029619283 0.59386 158
1772029639512 0.59923 159
1772029659729 0.61073 160
1772029679977 0.60057 161
1772029700624 0.61158 162
1772029721192 0.60247 163
1772029741598 0.60999 164
1772029762044 0.60561 165
1772029782555 0.59318 166
1772029803052 0.58686 167
1772029823548 0.60024 168
1772029843954 0.58554 169
1772029864472 0.60514 170
1772029884892 0.60408 171
1772029905409 0.61182 172
1772029925921 0.61377 173
1772029946411 0.6083 174
1772029966898 0.60704 175
1772029987492 0.59973 176
1772030008044 0.61544 177
1772030028633 0.60418 178
1772030049284 0.59867 179
1772030069817 0.61055 180
1772030090605 0.60664 181
1772030111305 0.61648 182
1772030131824 0.60748 183
1772030152690 0.6145 184
1772030173758 0.60518 185
1772030194811 0.61185 186
1772030215928 0.60974 187
1772030236983 0.59618 188
1772030258059 0.60258 189
1772030279895 0.59766 190
1772030300965 0.6076 191
1772030321580 0.60585 192
1772030342073 0.60702 193
1772030362533 0.62009 194
1772030383005 0.61234 195
1772030403632 0.61594 196
1772030424227 0.61915 197
1772030444775 0.61752 198
1772030465247 0.62247 199
1772030481232 0.6144012633328518 199
