1772015434492 0.55807 0
1772015457307 0.38461 1
1772015479921 0.36616 2
1772015502221 0.30439 3
1772015524589 0.46131 4
1772015546988 0.52442 5
1772015570243 0.54383 6
1772015596619 0.53408 7
1772015621021 0.5687 8
1772015643360 0.60294 9
1772015665489 0.62161 10
1772015687687 0.60655 11
1772015713723 0.62118 12
1772015743844 0.63117 13
1772015778950 0.66007 14
1772015889809 0.65104 15
1772015952393 0.63995 16
1772015971438 0.65299 17
1772015990825 0.67909 18
1772016010033 0.67714 19
1772016029567 0.66937 20
1772016049042 0.66579 21
1772016068370 0.66309 22
1772016087406 0.65602 23
1772016106730 0.69941 24
1772016126134 0.70061 25
1772016145672 0.7034 26
1772016165096 0.68294 27
1772016184605 0.69928 28
1772016203935 0.70432 29
1772016223191 0.71091 30
1772016242441 0.70295 31
1772016261738 0.70593 32
1772016281094 0.71826 33
1772016300570 0.71127 34
1772016319815 0.73244 35
1772016339355 0.68243 36
1772016358581 0.71824 37
1772016378036 0.70827 38
1772016397533 0.71974 39
1772016417164 0.72652 40
1772016436799 0.72535 41
1772016456478 0.73362 42
1772016476139 0.72367 43
1772016495841 0.72615 44
1772016515415 0.73437 45
1772016534636 0.72595 46
1772016553760 0.73384 47
1772016572908 0.73363 48
1772016592014 0.75003 49
1772016611137 0.74393 50
1772016630284 0.74348 51
1772016649378 0.7391 52
1772016668536 0.74452 53
1772016687631 0.74424 54
1772016706763 0.7523 55
1772016725826 0.75327 56
1772016744938 0.75079 57
1772016764035 0.74774 58
1772016783148 0.75336 59
1772016802233 0.75082 60
1772016821328 0.74899 61
1772016840440 0.75328 62
1772016859557 0.76015 63
1772016878633 0.76095 64
1772016897729 0.75345 65
1772016916811 0.75317 66
1772016935893 0.75646 67
1772016954940 0.75692 68
1772016973991 0.76477 69
1772016993104 0.76815 70
1772017012163 0.74689 71
1772017031224 0.76116 72
1772017050315 0.75113 73
1772017069639 0.7656 74
1772017088910 0.76071 75
1772017108237 0.76116 76
1772017127522 0.76575 77
1772017146779 0.75993 78
1772017166098 0.77288 79
1772017185541 0.76443 80
1772017205131 0.76641 81
1772017224720 0.76666 82
1772017244034 0.76497 83
1772017263135 0.7687 84
1772017282175 0.7744 85
1772017301344 0.76955 86
1772017320554 0.76475 87
1772017339687 0.76648 88
1772017358882 0.76851 89
1772017378338 0.75335 90
1772017397375 0.76453 91
1772017416485 0.76799 92
1772017435561 0.7691 93
1772017454791 0.7699 94
1772017473803 0.77111 95
1772017492896 0.76946 96
1772017512104 0.76872 97
1772017531204 0.7709 98
1772017550377 0.77308 99
1772017557208 0.7706068731851559 99
