1772015434492 0.33344 0
1772015457307 0.18532 1
1772015479921 0.17757 2
1772015502221 0.12866 3
1772015524589 0.23345 4
1772015546988 0.2634 5
1772015570243 0.291 6
1772015596619 0.28881 7
1772015621021 0.31466 8
1772015643360 0.34473 9
1772015665489 0.36332 10
1772015687687 0.35621 11
1772015713723 0.35475 12
1772015743844 0.37671 13
1772015778950 0.39001 14
1772015889809 0.3849 15
1772015952393 0.37838 16
1772015971438 0.38409 17
1772015990825 0.40518 18
1772016010033 0.41278 19
1772016029567 0.4016 20
1772016049042 0.4095 21
1772016068370 0.40794 22
1772016087406 0.40313 23
1772016106730 0.41922 24
1772016126134 0.43192 25
1772016145672 0.43529 26
1772016165096 0.4287 27
1772016184605 0.43085 28
1772016203935 0.43366 29
1772016223191 0.4396 30
1772016242441 0.43648 31
1772016261738 0.44019 32
1772016281094 0.45056 33
1772016300570 0.43945 34
1772016319815 0.45747 35
1772016339355 0.42624 36
1772016358581 0.44911 37
1772016378036 0.44815 38
1772016397533 0.45717 39
1772016417164 0.4557 40
1772016436799 0.46315 41
1772016456478 0.46881 42
1772016476139 0.46547 43
1772016495841 0.4604 44
1772016515415 0.47693 45
1772016534636 0.46562 46
1772016553760 0.46963 47
1772016572908 0.47587 48
1772016592014 0.48736 49
1772016611137 0.46613 50
1772016630284 0.48126 51
1772016649378 0.48065 52
1772016668536 0.4816 53
1772016687631 0.47277 54
1772016706763 0.48345 55
1772016725826 0.48471 56
1772016744938 0.48638 57
1772016764035 0.48015 58
1772016783148 0.48331 59
1772016802233 0.48536 60
1772016821328 0.49045 61
1772016840440 0.49269 62
1772016859557 0.49693 63
1772016878633 0.49372 64
1772016897729 0.49369 65
1772016916811 0.49237 66
1772016935893 0.49675 67
1772016954940 0.4933 68
1772016973991 0.49867 69
1772016993104 0.5014 70
1772017012163 0.48968 71
1772017031224 0.49933 72
1772017050315 0.49335 73
1772017069639 0.50224 74
1772017088910 0.50022 75
1772017108237 0.50191 76
1772017127522 0.50148 77
1772017146779 0.5007 78
1772017166098 0.50766 79
1772017185541 0.50174 80
1772017205131 0.50279 81
1772017224720 0.50661 82
1772017244034 0.50759 83
1772017263135 0.50929 84
1772017282175 0.5115 85
1772017301344 0.51152 86
1772017320554 0.50591 87
1772017339687 0.50471 88
1772017358882 0.50638 89
1772017378338 0.49356 90
1772017397375 0.50425 91
1772017416485 0.50594 92
1772017435561 0.5094 93
1772017454791 0.50965 94
1772017473803 0.51091 95
1772017492896 0.51311 96
1772017512104 0.51109 97
1772017531204 0.51348 98
1772017550377 0.5128 99
1772017557208 0.513363528255198 99
