1772015434492 0.85556 0
1772015457307 0.49686 1
1772015479921 0.42293 2
1772015502221 0.38858 3
1772015524589 0.53188 4
1772015546988 0.6126 5
1772015570243 0.63676 6
1772015596619 0.65276 7
1772015621021 0.63224 8
1772015643360 0.68775 9
1772015665489 0.67546 10
1772015687687 0.66305 11
1772015713723 0.70019 12
1772015743844 0.6638 13
1772015778950 0.73956 14
1772015889809 0.67856 15
1772015952393 0.72548 16
1772015971438 0.72706 17
1772015990825 0.74386 18
1772016010033 0.7291 19
1772016029567 0.727 20
1772016049042 0.76786 21
1772016068370 0.73381 22
1772016087406 0.73726 23
1772016106730 0.75058 24
1772016126134 0.73417 25
1772016145672 0.77562 26
1772016165096 0.74351 27
1772016184605 0.76148 28
1772016203935 0.77944 29
1772016223191 0.76901 30
1772016242441 0.78558 31
1772016261738 0.77094 32
1772016281094 0.77167 33
1772016300570 0.75434 34
1772016319815 0.78367 35
1772016339355 0.73041 36
1772016358581 0.76377 37
1772016378036 0.75443 38
1772016397533 0.77006 39
1772016417164 0.77804 40
1772016436799 0.78331 41
1772016456478 0.79004 42
1772016476139 0.78921 43
1772016495841 0.80681 44
1772016515415 0.79681 45
1772016534636 0.80117 46
1772016553760 0.79501 47
1772016572908 0.79921 48
1772016592014 0.78872 49
1772016611137 0.79013 50
1772016630284 0.80059 51
1772016649378 0.80576 52
1772016668536 0.80474 53
1772016687631 0.80786 54
1772016706763 0.81031 55
1772016725826 0.81403 56
1772016744938 0.7737 57
1772016764035 0.81539 58
1772016783148 0.81795 59
1772016802233 0.79878 60
1772016821328 0.79018 61
1772016840440 0.807 62
1772016859557 0.81719 63
1772016878633 0.79589 64
1772016897729 0.79958 65
1772016916811 0.80657 66
1772016935893 0.81834 67
1772016954940 0.80671 68
1772016973991 0.80729 69
1772016993104 0.83222 70
1772017012163 0.79933 71
1772017031224 0.82919 72
1772017050315 0.82411 73
1772017069639 0.82739 74
1772017088910 0.83071 75
1772017108237 0.81586 76
1772017127522 0.83387 77
1772017146779 0.82413 78
1772017166098 0.82779 79
1772017185541 0.83565 80
1772017205131 0.83184 81
1772017224720 0.83092 82
1772017244034 0.85421 83
1772017263135 0.83329 84
1772017282175 0.85837 85
1772017301344 0.83944 86
1772017320554 0.83619 87
1772017339687 0.81468 88
1772017358882 0.83969 89
1772017378338 0.84137 90
1772017397375 0.83703 91
1772017416485 0.83937 92
1772017435561 0.84442 93
1772017454791 0.83565 94
1772017473803 0.85449 95
1772017492896 0.85302 96
1772017512104 0.84231 97
1772017531204 0.85492 98
1772017550377 0.85426 99
1772017557208 0.8573230097932933 99
