1772015434492 0.32182 0
1772015457307 0.38246 1
1772015479921 0.40575 2
1772015502221 0.34619 3
1772015524589 0.44362 4
1772015546988 0.48802 5
1772015570243 0.48766 6
1772015596619 0.48056 7
1772015621021 0.52894 8
1772015643360 0.53526 9
1772015665489 0.55708 10
1772015687687 0.55054 11
1772015713723 0.54043 12
1772015743844 0.58719 13
1772015778950 0.56672 14
1772015889809 0.58984 15
1772015952393 0.56985 16
1772015971438 0.57796 17
1772015990825 0.59023 18
1772016010033 0.59556 19
1772016029567 0.59263 20
1772016049042 0.57579 21
1772016068370 0.58259 22
1772016087406 0.57699 23
1772016106730 0.61249 24
1772016126134 0.62033 25
1772016145672 0.60829 26
1772016165096 0.59167 27
1772016184605 0.612 28
1772016203935 0.62298 29
1772016223191 0.61885 30
1772016242441 0.6061 31
1772016261738 0.62151 32
1772016281094 0.62834 33
1772016300570 0.62474 34
1772016319815 0.63408 35
1772016339355 0.61532 36
1772016358581 0.62015 37
1772016378036 0.63986 38
1772016397533 0.63582 39
1772016417164 0.63878 40
1772016436799 0.64253 41
1772016456478 0.63834 42
1772016476139 0.63074 43
1772016495841 0.62162 44
1772016515415 0.64431 45
1772016534636 0.64065 46
1772016553760 0.65144 47
1772016572908 0.63801 48
1772016592014 0.66753 49
1772016611137 0.65491 50
1772016630284 0.654 51
1772016649378 0.63718 52
1772016668536 0.65011 53
1772016687631 0.65027 54
1772016706763 0.65662 55
1772016725826 0.64732 56
1772016744938 0.67451 57
1772016764035 0.63948 58
1772016783148 0.64808 59
1772016802233 0.65102 60
1772016821328 0.65096 61
1772016840440 0.65438 62
1772016859557 0.6507 63
1772016878633 0.67316 64
1772016897729 0.66338 65
1772016916811 0.65863 66
1772016935893 0.66125 67
1772016954940 0.66064 68
1772016973991 0.67183 69
1772016993104 0.66475 70
1772017012163 0.65764 71
1772017031224 0.64861 72
1772017050315 0.64588 73
1772017069639 0.66946 74
1772017088910 0.66453 75
1772017108237 0.6629 76
1772017127522 0.66481 77
1772017146779 0.6561 78
1772017166098 0.67782 79
1772017185541 0.65994 80
1772017205131 0.66183 81
1772017224720 0.66315 82
1772017244034 0.65696 83
1772017263135 0.66594 84
1772017282175 0.65853 85
1772017301344 0.66885 86
1772017320554 0.6601 87
1772017339687 0.67667 88
1772017358882 0.66805 89
1772017378338 0.65185 90
1772017397375 0.65829 91
1772017416485 0.66257 92
1772017435561 0.66064 93
1772017454791 0.66575 94
1772017473803 0.65755 95
1772017492896 0.66126 96
1772017512104 0.66407 97
1772017531204 0.66257 98
1772017550377 0.66042 99
1772017557208 0.6618181917452166 99
