1772015427311 1.15484 0
1772015451200 1.34551 1
1772015473856 1.43558 2
1772015496456 1.46803 3
1772015518790 1.46515 4
1772015541173 1.44404 5
1772015563646 1.40516 6
1772015587147 1.36062 7
1772015615151 1.37389 8
1772015637615 1.33299 9
1772015659845 1.35476 10
1772015681995 1.29666 11
1772015704205 1.30429 12
1772015734450 1.30072 13
1772015768897 1.25425 14
1772015863095 1.26998 15
1772015947358 1.23087 16
1772015966406 1.21904 17
1772015985630 1.21755 18
1772016005004 1.22222 19
1772016024325 1.20184 20
1772016043993 1.17694 21
1772016063386 1.1944 22
1772016082450 1.17734 23
1772016101686 1.17095 24
1772016121034 1.1518 25
1772016140491 1.14106 26
1772016160000 1.14852 27
1772016179452 1.13862 28
1772016198869 1.11411 29
1772016218143 1.10805 30
1772016237386 1.13262 31
1772016256603 1.09047 32
1772016275921 1.11093 33
1772016295447 1.11114 34
1772016314786 1.07064 35
1772016334252 1.09504 36
1772016353574 1.05088 37
1772016372916 1.07674 38
1772016392397 1.07177 39
1772016412024 1.05399 40
1772016431630 1.06369 41
1772016451234 1.03458 42
1772016470971 1.03091 43
1772016490606 1.01896 44
1772016510244 1.02887 45
1772016529632 1.00892 46
1772016548760 1.00415 47
1772016567905 1.00988 48
1772016587002 0.99178 49
1772016606135 1.00504 50
1772016625278 0.99739 51
1772016644395 0.9944 52
1772016663531 0.99238 53
1772016682620 0.96803 54
1772016701758 0.96222 55
1772016720868 0.96956 56
1772016739960 0.9421 57
1772016759065 0.95973 58
1772016778162 0.96723 59
1772016797250 0.96325 60
1772016816335 0.94242 61
1772016835470 0.94614 62
1772016854582 0.93126 63
1772016873668 0.93235 64
1772016892738 0.89561 65
1772016911875 0.92292 66
1772016930949 0.91293 67
1772016949995 0.89603 68
1772016969038 0.91179 69
1772016988122 0.87822 70
1772017007215 0.8892 71
1772017026269 0.88493 72
1772017045354 0.88958 73
1772017064571 0.88538 74
1772017083915 0.88796 75
1772017103217 0.86048 76
1772017122458 0.8509 77
1772017141799 0.85491 78
1772017160989 0.86004 79
1772017180513 0.84713 80
1772017199907 0.84184 81
1772017219515 0.8308 82
1772017238998 0.83546 83
1772017258178 0.8424 84
1772017277248 0.82061 85
1772017296316 0.82135 86
1772017315610 0.81162 87
1772017334725 0.81909 88
1772017353905 0.79631 89
1772017373291 0.78503 90
1772017392433 0.75246 91
1772017411460 0.72953 92
1772017430587 0.7317 93
1772017449777 0.71583 94
1772017468839 0.72506 95
1772017487871 0.71396 96
1772017507103 0.7129 97
1772017526200 0.71112 98
1772017545352 0.69972 99
