1772015427311 2.09936 0
1772015451200 1.68991 1
1772015473856 1.73901 2
1772015496456 1.74897 3
1772015518790 1.67744 4
1772015541173 1.59787 5
1772015563646 1.53244 6
1772015587147 1.48282 7
1772015615151 1.45172 8
1772015637615 1.421 9
1772015659845 1.40722 10
1772015681995 1.32337 11
1772015704205 1.35075 12
1772015734450 1.32105 13
1772015768897 1.26152 14
1772015863095 1.25198 15
1772015947358 1.25195 16
1772015966406 1.22277 17
1772015985630 1.22892 18
1772016005004 1.19593 19
1772016024325 1.17542 20
1772016043993 1.14599 21
1772016063386 1.15975 22
1772016082450 1.12678 23
1772016101686 1.13351 24
1772016121034 1.11399 25
1772016140491 1.08873 26
1772016160000 1.07968 27
1772016179452 1.0815 28
1772016198869 1.05046 29
1772016218143 1.04531 30
1772016237386 1.02467 31
1772016256603 1.01537 32
1772016275921 1.0188 33
1772016295447 1.02315 34
1772016314786 0.99221 35
1772016334252 0.99489 36
1772016353574 0.95662 37
1772016372916 0.97832 38
1772016392397 0.97114 39
1772016412024 0.94741 40
1772016431630 0.9399 41
1772016451234 0.91409 42
1772016470971 0.93293 43
1772016490606 0.909 44
1772016510244 0.89831 45
1772016529632 0.88933 46
1772016548760 0.89076 47
1772016567905 0.87202 48
1772016587002 0.86276 49
1772016606135 0.85311 50
1772016625278 0.84613 51
1772016644395 0.86638 52
1772016663531 0.84429 53
1772016682620 0.83053 54
1772016701758 0.81282 55
1772016720868 0.82114 56
1772016739960 0.80166 57
1772016759065 0.80448 58
1772016778162 0.81875 59
1772016797250 0.801 60
1772016816335 0.7882 61
1772016835470 0.7866 62
1772016854582 0.78011 63
1772016873668 0.76134 64
1772016892738 0.75132 65
1772016911875 0.75813 66
1772016930949 0.73866 67
1772016949995 0.73829 68
1772016969038 0.74547 69
1772016988122 0.72109 70
1772017007215 0.71812 71
1772017026269 0.70708 72
1772017045354 0.71034 73
1772017064571 0.71174 74
1772017083915 0.70862 75
1772017103217 0.69813 76
1772017122458 0.6759 77
1772017141799 0.66896 78
1772017160989 0.68365 79
1772017180513 0.66466 80
1772017199907 0.66094 81
1772017219515 0.65392 82
1772017238998 0.65159 83
1772017258178 0.64795 84
1772017277248 0.63782 85
1772017296316 0.64026 86
1772017315610 0.62553 87
1772017334725 0.63005 88
1772017353905 0.61974 89
1772017373291 0.57274 90
1772017392433 0.51088 91
1772017411460 0.49893 92
1772017430587 0.49465 93
1772017449777 0.47903 94
1772017468839 0.47812 95
1772017487871 0.47677 96
1772017507103 0.47557 97
1772017526200 0.46408 98
1772017545352 0.45991 99
