1772015427311 1.28906 0
1772015451200 1.43642 1
1772015473856 1.52445 2
1772015496456 1.5604 3
1772015518790 1.53506 4
1772015541173 1.53212 5
1772015563646 1.4856 6
1772015587147 1.47063 7
1772015615151 1.47459 8
1772015637615 1.46341 9
1772015659845 1.45919 10
1772015681995 1.41995 11
1772015704205 1.44004 12
1772015734450 1.44356 13
1772015768897 1.39445 14
1772015863095 1.39902 15
1772015947358 1.3883 16
1772015966406 1.37699 17
1772015985630 1.36834 18
1772016005004 1.37343 19
1772016024325 1.3468 20
1772016043993 1.33098 21
1772016063386 1.35622 22
1772016082450 1.33224 23
1772016101686 1.33226 24
1772016121034 1.32537 25
1772016140491 1.31549 26
1772016160000 1.30106 27
1772016179452 1.30702 28
1772016198869 1.28767 29
1772016218143 1.29571 30
1772016237386 1.29153 31
1772016256603 1.27308 32
1772016275921 1.28895 33
1772016295447 1.28696 34
1772016314786 1.26494 35
1772016334252 1.27736 36
1772016353574 1.2573 37
1772016372916 1.26641 38
1772016392397 1.25125 39
1772016412024 1.25237 40
1772016431630 1.24724 41
1772016451234 1.23322 42
1772016470971 1.24012 43
1772016490606 1.23109 44
1772016510244 1.22515 45
1772016529632 1.22306 46
1772016548760 1.21785 47
1772016567905 1.20876 48
1772016587002 1.20273 49
1772016606135 1.2101 50
1772016625278 1.19513 51
1772016644395 1.20674 52
1772016663531 1.19517 53
1772016682620 1.19364 54
1772016701758 1.18528 55
1772016720868 1.18116 56
1772016739960 1.1711 57
1772016759065 1.16792 58
1772016778162 1.19463 59
1772016797250 1.18637 60
1772016816335 1.17271 61
1772016835470 1.17008 62
1772016854582 1.16171 63
1772016873668 1.16272 64
1772016892738 1.15399 65
1772016911875 1.15179 66
1772016930949 1.14725 67
1772016949995 1.14618 68
1772016969038 1.14682 69
1772016988122 1.12996 70
1772017007215 1.13515 71
1772017026269 1.13643 72
1772017045354 1.13065 73
1772017064571 1.13134 74
1772017083915 1.13177 75
1772017103217 1.11838 76
1772017122458 1.11535 77
1772017141799 1.1032 78
1772017160989 1.11491 79
1772017180513 1.10486 80
1772017199907 1.11463 81
1772017219515 1.10777 82
1772017238998 1.09449 83
1772017258178 1.1003 84
1772017277248 1.09201 85
1772017296316 1.09423 86
1772017315610 1.09394 87
1772017334725 1.08779 88
1772017353905 1.08872 89
1772017373291 1.05805 90
1772017392433 1.03521 91
1772017411460 1.0222 92
1772017430587 1.02285 93
1772017449777 1.00379 94
1772017468839 1.02055 95
1772017487871 1.00757 96
1772017507103 1.01092 97
1772017526200 1.00877 98
1772017545352 0.9973 99
