1771944325069 0.0005489718875502009 0
1771944346815 0.0010937026325301205 1
1771944367986 0.0016274311775100402 2
1771944389270 0.0016174900999999999 3
1771944410104 0.0016009868 4
1771944430749 0.0015844835000000002 5
1771944451192 0.0015679802000000001 6
1771944471775 0.0015514769 7
1771944492432 0.0015349736000000002 8
1771944512911 0.0015184703000000002 9
1771944533380 0.001501967 10
1771944554164 0.0014854637 11
1771944574848 0.0014689604 12
1771944595552 0.0014524571 13
1771944616031 0.0014359538 14
1771944636611 0.0014194505000000002 15
1771944656936 0.0014029472000000002 16
1771944677457 0.0013864439 17
1771944698104 0.0013699406000000003 18
1771944718617 0.0013534373000000002 19
1771944739220 0.0013369340000000001 20
1771944759606 0.0013204307 21
1771944780015 0.0013039274 22
1771944800356 0.0012874241 23
1771944820870 0.0012709208 24
1771944841188 0.0012544175 25
1771944861508 0.0012379142000000002 26
1771944881912 0.0012214109000000001 27
1771944902142 0.0012049076 28
1771944922446 0.0011884043 29
1771944942702 0.001171901 30
1771944962951 0.0011553976999999999 31
1771944983261 0.0011388944 32
1771945003672 0.0011223911 33
1771945024038 0.0011058878 34
1771945044268 0.0010893845 35
1771945064621 0.0010728812000000002 36
1771945084863 0.0010563779000000001 37
1771945105187 0.0010398746 38
1771945125579 0.0010233713 39
1771945145797 0.001006868 40
1771945166144 0.0009903647000000001 41
1771945186398 0.0009738614000000002 42
1771945206687 0.0009573581000000001 43
1771945227026 0.0009408548 44
1771945247314 0.0009243515000000001 45
1771945267708 0.0009078482000000002 46
1771945287976 0.0008913449000000002 47
1771945308345 0.0008748416000000001 48
1771945328594 0.0008583383 49
1771945349006 0.0008418350000000001 50
1771945369387 0.0008253317 51
1771945389819 0.0008088284 52
1771945410400 0.0007923251 53
1771945430741 0.0007758218 54
1771945451133 0.0007593185 55
1771945471533 0.0007428151999999999 56
1771945492169 0.0007263119000000001 57
1771945512650 0.0007098086000000001 58
1771945533006 0.0006933053000000001 59
1771945553342 0.0006768020000000001 60
1771945573818 0.0006602987 61
1771945594216 0.0006437954 62
1771945614647 0.0006272921 63
1771945634935 0.0006107888000000001 64
1771945655138 0.0005942855 65
1771945675534 0.0005777822 66
1771945696086 0.0005612788999999999 67
1771945716537 0.0005447756 68
1771945736857 0.0005282723000000001 69
1771945757090 0.0005117690000000001 70
1771945777338 0.0004952657000000001 71
1771945797612 0.00047876240000000006 72
1771945817954 0.0004622591000000001 73
1771945838151 0.00044575580000000005 74
1771945858425 0.00042925250000000004 75
1771945878644 0.0004127492 76
1771945898843 0.0003962459 77
1771945919077 0.00037974259999999996 78
1771945939307 0.0003632393 79
1771945959462 0.00034673599999999994 80
1771945979677 0.00033023269999999993 81
1771945999829 0.00031372940000000014 82
1771946019980 0.0002972261000000001 83
1771946040141 0.00028072280000000007 84
1771946060315 0.00026421950000000006 85
1771946080492 0.00024771620000000005 86
1771946100688 0.00023121290000000004 87
1771946120826 0.0002147096 88
1771946140986 0.00019820629999999997 89
1771946161386 0.00018170299999999996 90
1771946180897 0.00016519969999999996 91
1771946200401 0.00014869639999999995 92
1771946219790 0.0001321930999999999 93
1771946239132 0.00011568980000000008 94
1771946258465 9.918650000000008e-05 95
1771946277780 8.268320000000008e-05 96
1771946297108 6.617990000000005e-05 97
1771946316429 4.967660000000004e-05 98
1771946335749 3.3173300000000017e-05 99
