1771667524145 0.66879 0
1771667526179 0.45123 1
1771667527934 0.44928 2
1771667529709 0.59516 3
1771667531477 0.8803 4
1771667533289 0.90731 5
1771667535079 0.81816 6
1771667536876 0.89102 7
1771667538652 0.88953 8
1771667540379 0.92772 9
1771667542107 0.87604 10
1771667543823 0.90306 11
1771667545529 0.92744 12
1771667547234 0.91036 13
1771667548946 0.86574 14
1771667550663 0.74844 15
1771667552377 0.88828 16
1771667554108 0.89343 17
1771667555831 0.891 18
1771667557585 0.95563 19
1771667559331 0.9084 20
1771667561077 0.90349 21
1771667562794 0.92114 22
1771667564540 0.93461 23
1771667566257 0.88861 24
1771667568023 0.92399 25
1771667569787 0.93004 26
1771667571525 0.98108 27
1771667573251 0.96913 28
1771667574989 0.96917 29
1771667576768 0.9695 30
1771667578527 0.97881 31
1771667580269 0.9552 32
1771667582002 0.95864 33
1771667583726 0.97055 34
1771667585543 0.9774 35
1771667587327 0.97673 36
1771667589103 0.97145 37
1771667590838 0.97663 38
1771667592560 0.98445 39
1771667594267 0.98319 40
1771667595976 0.97597 41
1771667597682 0.97829 42
1771667599415 0.97007 43
1771667601174 0.96546 44
1771667602920 0.9571 45
1771667604643 0.94549 46
1771667606365 0.96139 47
1771667608082 0.96804 48
1771667609815 0.96687 49
1771667611541 0.98322 50
1771667613255 0.96336 51
1771667614968 0.95657 52
1771667616698 0.97017 53
1771667618437 0.98559 54
1771667620171 0.9842 55
1771667621901 0.98241 56
1771667623620 0.98536 57
1771667625346 0.98378 58
1771667627063 0.989 59
1771667628840 0.98813 60
1771667630596 0.9847 61
1771667632380 0.97063 62
1771667634144 0.98306 63
1771667635869 0.9664 64
1771667637580 0.9645 65
1771667639298 0.96268 66
1771667641038 0.98336 67
1771667642794 0.98343 68
1771667644541 0.98318 69
1771667646282 0.97534 70
1771667648041 0.97963 71
1771667649775 0.97897 72
1771667651514 0.97853 73
1771667653246 0.97939 74
1771667655008 0.98228 75
1771667656746 0.9821 76
1771667658491 0.97179 77
1771667660207 0.97181 78
1771667661932 0.97407 79
1771667663677 0.98317 80
1771667665643 0.98783 81
1771667667389 0.99039 82
1771667669139 0.98947 83
1771667670904 0.98999 84
1771667672636 0.98877 85
1771667674371 0.9893 86
1771667676089 0.98883 87
1771667677811 0.98718 88
1771667679517 0.98307 89
1771667681637 0.9835 90
1771667683378 0.98324 91
1771667685073 0.9911 92
1771667686769 0.97839 93
1771667688473 0.97847 94
1771667690176 0.97834 95
1771667691869 0.97616 96
1771667693577 0.98698 97
1771667695307 0.98581 98
1771667697009 0.98541 99
1771667698622 0.9887727096488313 99
