1771667524145 0.42014 0
1771667526179 0.27458 1
1771667527934 0.25477 2
1771667529709 0.37609 3
1771667531477 0.55261 4
1771667533289 0.66518 5
1771667535079 0.57503 6
1771667536876 0.65232 7
1771667538652 0.53427 8
1771667540379 0.66475 9
1771667542107 0.57916 10
1771667543823 0.66939 11
1771667545529 0.65501 12
1771667547234 0.64569 13
1771667548946 0.56074 14
1771667550663 0.50052 15
1771667552377 0.57146 16
1771667554108 0.58442 17
1771667555831 0.53347 18
1771667557585 0.68523 19
1771667559331 0.61634 20
1771667561077 0.58158 21
1771667562794 0.55186 22
1771667564540 0.62092 23
1771667566257 0.5505 24
1771667568023 0.62876 25
1771667569787 0.57897 26
1771667571525 0.75326 27
1771667573251 0.73495 28
1771667574989 0.75317 29
1771667576768 0.76829 30
1771667578527 0.75491 31
1771667580269 0.70936 32
1771667582002 0.71574 33
1771667583726 0.75468 34
1771667585543 0.76753 35
1771667587327 0.72389 36
1771667589103 0.71452 37
1771667590838 0.73294 38
1771667592560 0.76447 39
1771667594267 0.77059 40
1771667595976 0.72063 41
1771667597682 0.74705 42
1771667599415 0.79141 43
1771667601174 0.7712 44
1771667602920 0.72432 45
1771667604643 0.68826 46
1771667606365 0.69039 47
1771667608082 0.78335 48
1771667609815 0.76243 49
1771667611541 0.8044 50
1771667613255 0.77503 51
1771667614968 0.77927 52
1771667616698 0.78298 53
1771667618437 0.80102 54
1771667620171 0.80903 55
1771667621901 0.80411 56
1771667623620 0.79333 57
1771667625346 0.81161 58
1771667627063 0.79548 59
1771667628840 0.80599 60
1771667630596 0.82383 61
1771667632380 0.79579 62
1771667634144 0.79004 63
1771667635869 0.78222 64
1771667637580 0.74651 65
1771667639298 0.75909 66
1771667641038 0.78707 67
1771667642794 0.81203 68
1771667644541 0.80874 69
1771667646282 0.78303 70
1771667648041 0.77532 71
1771667649775 0.82252 72
1771667651514 0.83088 73
1771667653246 0.78883 74
1771667655008 0.79818 75
1771667656746 0.8273 76
1771667658491 0.8189 77
1771667660207 0.8189 78
1771667661932 0.82257 79
1771667663677 0.83203 80
1771667665643 0.8456 81
1771667667389 0.84385 82
1771667669139 0.84852 83
1771667670904 0.84749 84
1771667672636 0.85748 85
1771667674371 0.85583 86
1771667676089 0.84682 87
1771667677811 0.843 88
1771667679517 0.83326 89
1771667681637 0.8416 90
1771667683378 0.83753 91
1771667685073 0.84176 92
1771667686769 0.83844 93
1771667688473 0.83801 94
1771667690176 0.83987 95
1771667691869 0.84302 96
1771667693577 0.84317 97
1771667695307 0.84729 98
1771667697009 0.85055 99
1771667698622 0.8575053577226784 99
