1771667524145 0.00654 0
1771667526179 0.00577 1
1771667527934 0.00526 2
1771667529709 0.8872 3
1771667531477 0.96966 4
1771667533289 0.91259 5
1771667535079 0.72274 6
1771667536876 0.87164 7
1771667538652 0.7989 8
1771667540379 0.98234 9
1771667542107 0.81959 10
1771667543823 0.88507 11
1771667545529 0.86983 12
1771667547234 0.78579 13
1771667548946 0.7948 14
1771667550663 0.74792 15
1771667552377 0.87981 16
1771667554108 0.86183 17
1771667555831 0.85057 18
1771667557585 0.91948 19
1771667559331 0.87578 20
1771667561077 0.86911 21
1771667562794 0.86122 22
1771667564540 0.94929 23
1771667566257 0.8464 24
1771667568023 0.8626 25
1771667569787 0.89965 26
1771667571525 0.95997 27
1771667573251 0.92194 28
1771667574989 0.93049 29
1771667576768 0.95878 30
1771667578527 0.94106 31
1771667580269 0.89174 32
1771667582002 0.90252 33
1771667583726 0.89238 34
1771667585543 0.94547 35
1771667587327 0.92549 36
1771667589103 0.8784 37
1771667590838 0.97285 38
1771667592560 0.94128 39
1771667594267 0.96137 40
1771667595976 0.95978 41
1771667597682 0.92601 42
1771667599415 0.9214 43
1771667601174 0.94152 44
1771667602920 0.94167 45
1771667604643 0.90786 46
1771667606365 0.90581 47
1771667608082 0.9397 48
1771667609815 0.89245 49
1771667611541 0.9603 50
1771667613255 0.93942 51
1771667614968 0.92677 52
1771667616698 0.90535 53
1771667618437 0.94312 54
1771667620171 0.94026 55
1771667621901 0.9107 56
1771667623620 0.92705 57
1771667625346 0.92135 58
1771667627063 0.94183 59
1771667628840 0.96134 60
1771667630596 0.97368 61
1771667632380 0.94213 62
1771667634144 0.98023 63
1771667635869 0.97479 64
1771667637580 0.97878 65
1771667639298 0.97811 66
1771667641038 0.97996 67
1771667642794 0.92701 68
1771667644541 0.96068 69
1771667646282 0.96039 70
1771667648041 0.91032 71
1771667649775 0.90663 72
1771667651514 0.95675 73
1771667653246 0.96143 74
1771667655008 0.95809 75
1771667656746 0.93947 76
1771667658491 0.91225 77
1771667660207 0.91196 78
1771667661932 0.89457 79
1771667663677 0.91208 80
1771667665643 0.94443 81
1771667667389 0.95708 82
1771667669139 0.94337 83
1771667670904 0.96141 84
1771667672636 0.94422 85
1771667674371 0.92822 86
1771667676089 0.92605 87
1771667677811 0.91173 88
1771667679517 0.91005 89
1771667681637 0.92563 90
1771667683378 0.96141 91
1771667685073 0.96223 92
1771667686769 0.94328 93
1771667688473 0.95853 94
1771667690176 0.95796 95
1771667691869 0.9576 96
1771667693577 0.97591 97
1771667695307 0.9771 98
1771667697009 0.97862 99
1771667698622 0.9442022604365371 99
