1771667524145 0.98077 0
1771667526179 0.86538 1
1771667527934 0.78846 2
1771667529709 0.15151 3
1771667531477 0.61538 4
1771667533289 0.82692 5
1771667535079 0.80214 6
1771667536876 0.80769 7
1771667538652 0.84044 8
1771667540379 0.78846 9
1771667542107 0.80769 10
1771667543823 0.84615 11
1771667545529 0.86538 12
1771667547234 0.84615 13
1771667548946 0.84615 14
1771667550663 0.69231 15
1771667552377 0.80769 16
1771667554108 0.83972 17
1771667555831 0.88462 18
1771667557585 0.8785 19
1771667559331 0.82692 20
1771667561077 0.8939 21
1771667562794 0.92308 22
1771667564540 0.86538 23
1771667566257 0.78846 24
1771667568023 0.84513 25
1771667569787 0.86212 26
1771667571525 0.92237 27
1771667573251 0.90853 28
1771667574989 0.92308 29
1771667576768 0.90385 30
1771667578527 0.92116 31
1771667580269 0.9505 32
1771667582002 0.96154 33
1771667583726 0.95683 34
1771667585543 0.92308 35
1771667587327 0.9556 36
1771667589103 0.97247 37
1771667590838 0.88462 38
1771667592560 0.92487 39
1771667594267 0.95712 40
1771667595976 0.91801 41
1771667597682 0.96271 42
1771667599415 0.96154 43
1771667601174 0.92893 44
1771667602920 0.93147 45
1771667604643 0.90385 46
1771667606365 0.90385 47
1771667608082 0.89916 48
1771667609815 0.9575 49
1771667611541 0.94231 50
1771667613255 0.94231 51
1771667614968 0.94231 52
1771667616698 0.94231 53
1771667618437 0.92308 54
1771667620171 0.94231 55
1771667621901 0.98059 56
1771667623620 0.97764 57
1771667625346 1.0 58
1771667627063 0.98077 59
1771667628840 0.95644 60
1771667630596 0.94231 61
1771667632380 0.9392 62
1771667634144 0.95363 63
1771667635869 0.96154 64
1771667637580 0.94231 65
1771667639298 0.94231 66
1771667641038 0.94032 67
1771667642794 0.97705 68
1771667644541 0.93965 69
1771667646282 0.93254 70
1771667648041 0.97612 71
1771667649775 0.98077 72
1771667651514 0.94231 73
1771667653246 0.95867 74
1771667655008 0.94231 75
1771667656746 0.96154 76
1771667658491 0.99968 77
1771667660207 1.0 78
1771667661932 0.98077 79
1771667663677 0.99754 80
1771667665643 0.98077 81
1771667667389 0.96154 82
1771667669139 0.961 83
1771667670904 0.95828 84
1771667672636 0.97657 85
1771667674371 0.99472 86
1771667676089 1.0 87
1771667677811 1.0 88
1771667679517 0.98077 89
1771667681637 0.98077 90
1771667683378 0.9583 91
1771667685073 0.97976 92
1771667686769 0.95945 93
1771667688473 0.94231 94
1771667690176 0.94231 95
1771667691869 0.94231 96
1771667693577 0.96154 97
1771667695307 0.96154 98
1771667697009 0.96154 99
1771667698622 0.9763260857010857 99
