1771667883973 0.14319 0
1771667884942 0.19458 1
1771667885618 0.20265 2
1771667886309 0.23587 3
1771667886981 0.12537 4
1771667887634 0.30479 5
1771667888281 0.35412 6
1771667888977 0.56726 7
1771667889670 0.57899 8
1771667890351 0.59535 9
1771667891021 0.34911 10
1771667891680 0.43969 11
1771667892331 0.55838 12
1771667892989 0.57065 13
1771667893631 0.47248 14
1771667894275 0.53964 15
1771667894916 0.56471 16
1771667895583 0.622 17
1771667896229 0.57958 18
1771667896857 0.57445 19
1771667897493 0.55707 20
1771667898130 0.56049 21
1771667898775 0.59393 22
1771667899423 0.58694 23
1771667900067 0.60411 24
1771667900712 0.61421 25
1771667901345 0.56898 26
1771667901975 0.59463 27
1771667902613 0.60228 28
1771667903249 0.62616 29
1771667903902 0.62 30
1771667904545 0.63915 31
1771667905221 0.66469 32
1771667906253 0.68771 33
1771667906931 0.63933 34
1771667907670 0.61886 35
1771667908314 0.61033 36
1771667908963 0.47697 37
1771667909611 0.54037 38
1771667910252 0.60902 39
1771667910894 0.64332 40
1771667911533 0.65226 41
1771667912259 0.64146 42
1771667912912 0.61148 43
1771667913551 0.65323 44
1771667914197 0.65398 45
1771667914891 0.63752 46
1771667915533 0.64604 47
1771667916170 0.64522 48
1771667916819 0.665 49
1771667917454 0.66973 50
1771667918084 0.67217 51
1771667918736 0.65697 52
1771667919370 0.65718 53
1771667920886 0.68736271150678 53
