1771667883973 0.2106 0
1771667884942 0.47974 1
1771667885618 0.56168 2
1771667886309 0.60609 3
1771667886981 0.29517 4
1771667887634 0.57337 5
1771667888281 0.68835 6
1771667888977 0.91554 7
1771667889670 0.88725 8
1771667890351 0.92911 9
1771667891021 0.65013 10
1771667891680 0.73292 11
1771667892331 0.90322 12
1771667892989 0.87323 13
1771667893631 0.81237 14
1771667894275 0.86349 15
1771667894916 0.92086 16
1771667895583 0.92377 17
1771667896229 0.92637 18
1771667896857 0.90745 19
1771667897493 0.90946 20
1771667898130 0.93927 21
1771667898775 0.92403 22
1771667899423 0.93652 23
1771667900067 0.93896 24
1771667900712 0.948 25
1771667901345 0.95197 26
1771667901975 0.93658 27
1771667902613 0.94093 28
1771667903249 0.94838 29
1771667903902 0.91419 30
1771667904545 0.90981 31
1771667905221 0.95188 32
1771667906253 0.94734 33
1771667906931 0.93729 34
1771667907670 0.9373 35
1771667908314 0.94065 36
1771667908963 0.90226 37
1771667909611 0.94076 38
1771667910252 0.96205 39
1771667910894 0.96036 40
1771667911533 0.97078 41
1771667912259 0.96179 42
1771667912912 0.95321 43
1771667913551 0.95844 44
1771667914197 0.96232 45
1771667914891 0.96571 46
1771667915533 0.96548 47
1771667916170 0.95941 48
1771667916819 0.96372 49
1771667917454 0.95903 50
1771667918084 0.96381 51
1771667918736 0.96741 52
1771667919370 0.95628 53
1771667920886 0.9467077793161485 53
