1771667883973 0.01896 0
1771667884942 0.02042 1
1771667885618 0.02278 2
1771667886309 0.02309 3
1771667886981 0.01768 4
1771667887634 0.82694 5
1771667888281 0.79648 6
1771667888977 0.87594 7
1771667889670 0.90813 8
1771667890351 0.92 9
1771667891021 0.50332 10
1771667891680 0.68131 11
1771667892331 0.87543 12
1771667892989 0.82409 13
1771667893631 0.69213 14
1771667894275 0.71634 15
1771667894916 0.88644 16
1771667895583 0.87493 17
1771667896229 0.83985 18
1771667896857 0.90439 19
1771667897493 0.9131 20
1771667898130 0.93096 21
1771667898775 0.86492 22
1771667899423 0.91666 23
1771667900067 0.97896 24
1771667900712 0.94832 25
1771667901345 0.93944 26
1771667901975 0.93167 27
1771667902613 0.91893 28
1771667903249 0.9353 29
1771667903902 0.82867 30
1771667904545 0.84056 31
1771667905221 0.9403 32
1771667906253 0.89577 33
1771667906931 0.97206 34
1771667907670 0.93923 35
1771667908314 0.92111 36
1771667908963 0.90241 37
1771667909611 0.94026 38
1771667910252 0.97909 39
1771667910894 0.97554 40
1771667911533 0.95979 41
1771667912259 0.9036 42
1771667912912 0.92408 43
1771667913551 0.95299 44
1771667914197 0.96057 45
1771667914891 0.91785 46
1771667915533 0.92567 47
1771667916170 0.9597 48
1771667916819 0.96 49
1771667917454 0.96114 50
1771667918084 0.97192 51
1771667918736 0.9613 52
1771667919370 0.92287 53
1771667920886 0.8967323784097696 53
