1771667883973 0.96154 0
1771667884942 0.96154 1
1771667885618 0.96154 2
1771667886309 0.98077 3
1771667886981 0.98077 4
1771667887634 0.18419 5
1771667888281 0.63462 6
1771667888977 0.81475 7
1771667889670 0.80769 8
1771667890351 0.80769 9
1771667891021 0.75 10
1771667891680 0.88462 11
1771667892331 0.81094 12
1771667892989 0.81085 13
1771667893631 0.84615 14
1771667894275 0.87421 15
1771667894916 0.90069 16
1771667895583 0.86538 17
1771667896229 0.88462 18
1771667896857 0.82692 19
1771667897493 0.82692 20
1771667898130 0.84615 21
1771667898775 0.88462 22
1771667899423 0.88462 23
1771667900067 0.89478 24
1771667900712 0.90385 25
1771667901345 0.84615 26
1771667901975 0.88462 27
1771667902613 0.87196 28
1771667903249 0.88462 29
1771667903902 0.9302 30
1771667904545 0.91255 31
1771667905221 0.9087 32
1771667906253 0.90385 33
1771667906931 0.84615 34
1771667907670 0.89168 35
1771667908314 0.92308 36
1771667908963 0.90385 37
1771667909611 0.90802 38
1771667910252 0.90057 39
1771667910894 0.90385 40
1771667911533 0.9182 41
1771667912259 0.92308 42
1771667912912 0.93635 43
1771667913551 0.92308 44
1771667914197 0.9371 45
1771667914891 0.96154 46
1771667915533 0.95799 47
1771667916170 0.91608 48
1771667916819 0.92311 49
1771667917454 0.95137 50
1771667918084 0.92308 51
1771667918736 0.95557 52
1771667919370 0.94231 53
1771667920886 0.9038461538461539 53
