1771944325069 1.35713 0
1771944346815 1.5411 1
1771944367986 1.58284 2
1771944389270 1.59506 3
1771944410104 1.57261 4
1771944430749 1.58868 5
1771944451192 1.53071 6
1771944471775 1.49783 7
1771944492432 1.48189 8
1771944512911 1.44711 9
1771944533380 1.46794 10
1771944554164 1.42404 11
1771944574848 1.41032 12
1771944595552 1.40248 13
1771944616031 1.38615 14
1771944636611 1.39101 15
1771944656936 1.35537 16
1771944677457 1.33513 17
1771944698104 1.31572 18
1771944718617 1.32952 19
1771944739220 1.3303 20
1771944759606 1.29805 21
1771944780015 1.29943 22
1771944800356 1.29895 23
1771944820870 1.27221 24
1771944841188 1.26186 25
1771944861508 1.26357 26
1771944881912 1.23773 27
1771944902142 1.24274 28
1771944922446 1.22341 29
1771944942702 1.22089 30
1771944962951 1.22606 31
1771944983261 1.20561 32
1771945003672 1.21221 33
1771945024038 1.21944 34
1771945044268 1.17506 35
1771945064621 1.19797 36
1771945084863 1.1601 37
1771945105187 1.18407 38
1771945125579 1.17196 39
1771945145797 1.16711 40
1771945166144 1.16495 41
1771945186398 1.13418 42
1771945206687 1.14938 43
1771945227026 1.12507 44
1771945247314 1.14631 45
1771945267708 1.1005 46
1771945287976 1.11339 47
1771945308345 1.10601 48
1771945328594 1.09803 49
1771945349006 1.10831 50
1771945369387 1.10576 51
1771945389819 1.08905 52
1771945410400 1.09955 53
1771945430741 1.06844 54
1771945451133 1.06739 55
1771945471533 1.06621 56
1771945492169 1.04863 57
1771945512650 1.06033 58
1771945533006 1.05168 59
1771945553342 1.04344 60
1771945573818 1.03408 61
1771945594216 1.05252 62
1771945614647 1.02821 63
1771945634935 1.01825 64
1771945655138 0.99298 65
1771945675534 1.0226 66
1771945696086 1.00349 67
1771945716537 0.98229 68
1771945736857 1.00794 69
1771945757090 0.96627 70
1771945777338 0.98955 71
1771945797612 0.97523 72
1771945817954 0.96824 73
1771945838151 0.97085 74
1771945858425 0.9761 75
1771945878644 0.94333 76
1771945898843 0.93944 77
1771945919077 0.93886 78
1771945939307 0.94319 79
1771945959462 0.92606 80
1771945979677 0.92229 81
1771945999829 0.92107 82
1771946019980 0.9233 83
1771946040141 0.91612 84
1771946060315 0.89624 85
1771946080492 0.90069 86
1771946100688 0.89385 87
1771946120826 0.9113 88
1771946140986 0.88418 89
1771946161386 0.85872 90
1771946180897 0.83986 91
1771946200401 0.82108 92
1771946219790 0.8154 93
1771946239132 0.8013 94
1771946258465 0.79341 95
1771946277780 0.80031 96
1771946297108 0.79119 97
1771946316429 0.78616 98
1771946335749 0.77506 99
