1771944325069 2.38136 0
1771944346815 1.98713 1
1771944367986 1.98219 2
1771944389270 1.9678 3
1771944410104 1.86493 4
1771944430749 1.83238 5
1771944451192 1.74412 6
1771944471775 1.72218 7
1771944492432 1.67302 8
1771944512911 1.65121 9
1771944533380 1.63197 10
1771944554164 1.56307 11
1771944574848 1.54047 12
1771944595552 1.53755 13
1771944616031 1.50144 14
1771944636611 1.48566 15
1771944656936 1.48321 16
1771944677457 1.4577 17
1771944698104 1.41225 18
1771944718617 1.40145 19
1771944739220 1.39861 20
1771944759606 1.35992 21
1771944780015 1.35625 22
1771944800356 1.33205 23
1771944820870 1.32527 24
1771944841188 1.32604 25
1771944861508 1.29136 26
1771944881912 1.24283 27
1771944902142 1.25848 28
1771944922446 1.24696 29
1771944942702 1.22941 30
1771944962951 1.21666 31
1771944983261 1.20781 32
1771945003672 1.21957 33
1771945024038 1.20336 34
1771945044268 1.17257 35
1771945064621 1.18655 36
1771945084863 1.1483 37
1771945105187 1.16395 38
1771945125579 1.13678 39
1771945145797 1.12754 40
1771945166144 1.12202 41
1771945186398 1.09607 42
1771945206687 1.11713 43
1771945227026 1.07999 44
1771945247314 1.09134 45
1771945267708 1.07242 46
1771945287976 1.06773 47
1771945308345 1.03852 48
1771945328594 1.02274 49
1771945349006 1.02695 50
1771945369387 1.02184 51
1771945389819 1.02914 52
1771945410400 1.00917 53
1771945430741 1.00434 54
1771945451133 0.96791 55
1771945471533 0.97796 56
1771945492169 0.95596 57
1771945512650 0.95996 58
1771945533006 0.97369 59
1771945553342 0.95375 60
1771945573818 0.93851 61
1771945594216 0.95878 62
1771945614647 0.93625 63
1771945634935 0.91675 64
1771945655138 0.89078 65
1771945675534 0.90621 66
1771945696086 0.88756 67
1771945716537 0.87934 68
1771945736857 0.90051 69
1771945757090 0.87141 70
1771945777338 0.85809 71
1771945797612 0.84247 72
1771945817954 0.84923 73
1771945838151 0.86287 74
1771945858425 0.84858 75
1771945878644 0.82035 76
1771945898843 0.81727 77
1771945919077 0.79546 78
1771945939307 0.8166 79
1771945959462 0.78963 80
1771945979677 0.78423 81
1771945999829 0.78973 82
1771946019980 0.77461 83
1771946040141 0.76663 84
1771946060315 0.74928 85
1771946080492 0.76856 86
1771946100688 0.75122 87
1771946120826 0.75634 88
1771946140986 0.7363 89
1771946161386 0.69032 90
1771946180897 0.61875 91
1771946200401 0.60561 92
1771946219790 0.59478 93
1771946239132 0.57987 94
1771946258465 0.57933 95
1771946277780 0.57436 96
1771946297108 0.56914 97
1771946316429 0.56045 98
1771946335749 0.54604 99
