1771944325069 1.43515 0
1771944346815 1.58518 1
1771944367986 1.65255 2
1771944389270 1.67317 3
1771944410104 1.62874 4
1771944430749 1.65675 5
1771944451192 1.59086 6
1771944471775 1.59182 7
1771944492432 1.58537 8
1771944512911 1.56953 9
1771944533380 1.56023 10
1771944554164 1.53411 11
1771944574848 1.53073 12
1771944595552 1.53491 13
1771944616031 1.50128 14
1771944636611 1.51279 15
1771944656936 1.49917 16
1771944677457 1.48345 17
1771944698104 1.45448 18
1771944718617 1.46529 19
1771944739220 1.4548 20
1771944759606 1.44044 21
1771944780015 1.44538 22
1771944800356 1.42736 23
1771944820870 1.42317 24
1771944841188 1.41678 25
1771944861508 1.41165 26
1771944881912 1.38322 27
1771944902142 1.39569 28
1771944922446 1.38021 29
1771944942702 1.38096 30
1771944962951 1.37578 31
1771944983261 1.36412 32
1771945003672 1.37272 33
1771945024038 1.38289 34
1771945044268 1.34157 35
1771945064621 1.3631 36
1771945084863 1.3456 37
1771945105187 1.34962 38
1771945125579 1.33205 39
1771945145797 1.34039 40
1771945166144 1.32382 41
1771945186398 1.32116 42
1771945206687 1.32821 43
1771945227026 1.31168 44
1771945247314 1.31828 45
1771945267708 1.2961 46
1771945287976 1.29677 47
1771945308345 1.28542 48
1771945328594 1.28765 49
1771945349006 1.29418 50
1771945369387 1.28176 51
1771945389819 1.27447 52
1771945410400 1.27475 53
1771945430741 1.27469 54
1771945451133 1.26842 55
1771945471533 1.25622 56
1771945492169 1.24679 57
1771945512650 1.24868 58
1771945533006 1.26257 59
1771945553342 1.24759 60
1771945573818 1.24404 61
1771945594216 1.24738 62
1771945614647 1.23534 63
1771945634935 1.22734 64
1771945655138 1.22244 65
1771945675534 1.21889 66
1771945696086 1.21895 67
1771945716537 1.20883 68
1771945736857 1.2222 69
1771945757090 1.19546 70
1771945777338 1.20616 71
1771945797612 1.19721 72
1771945817954 1.18089 73
1771945838151 1.19027 74
1771945858425 1.19382 75
1771945878644 1.17647 76
1771945898843 1.174 77
1771945919077 1.16438 78
1771945939307 1.16723 79
1771945959462 1.16112 80
1771945979677 1.17109 81
1771945999829 1.16567 82
1771946019980 1.15383 83
1771946040141 1.15506 84
1771946060315 1.14391 85
1771946080492 1.14885 86
1771946100688 1.14678 87
1771946120826 1.14808 88
1771946140986 1.14543 89
1771946161386 1.11747 90
1771946180897 1.09813 91
1771946200401 1.08767 92
1771946219790 1.08085 93
1771946239132 1.06465 94
1771946258465 1.07429 95
1771946277780 1.06827 96
1771946297108 1.0699 97
1771946316429 1.06516 98
1771946335749 1.04854 99
