1771666989371 0.86591 0
1771666991223 0.80309 1
1771666993031 0.94869 2
1771666994741 0.88557 3
1771666996441 0.82664 4
1771666998136 0.90953 5
1771666999836 0.87773 6
1771667001552 0.83965 7
1771667003265 0.70422 8
1771667004989 0.72836 9
1771667006728 0.89091 10
1771667008465 0.84206 11
1771667010185 0.68677 12
1771667011887 0.57643 13
1771667013599 0.83447 14
1771667015329 0.8635 15
1771667017106 0.92131 16
1771667018815 0.97149 17
1771667020533 0.96554 18
1771667022281 0.97406 19
1771667023999 0.92591 20
1771667025734 0.95139 21
1771667027467 0.90822 22
1771667029167 0.95577 23
1771667030877 0.94259 24
1771667032599 0.92592 25
1771667034312 0.95134 26
1771667036028 0.97714 27
1771667037746 0.9787 28
1771667039472 0.96668 29
1771667041185 0.97393 30
1771667042920 0.9764 31
1771667044630 0.97645 32
1771667046340 0.95126 33
1771667048039 0.95529 34
1771667049730 0.9598 35
1771667051417 0.94094 36
1771667053108 0.94222 37
1771667054796 0.94339 38
1771667056487 0.9764 39
1771667058188 0.97726 40
1771667059884 0.96112 41
1771667061583 0.9655 42
1771667063283 0.9423 43
1771667064974 0.8964 44
1771667066664 0.94591 45
1771667068368 0.96899 46
1771667070059 0.95097 47
1771667071753 0.95701 48
1771667073441 0.97502 49
1771667075155 0.99149 50
1771667076917 0.98947 51
1771667078680 0.98792 52
1771667080435 0.97063 53
1771667082165 0.98573 54
1771667083888 0.98717 55
1771667085645 0.98734 56
1771667087407 0.9845 57
1771667089125 0.97603 58
1771667090834 0.97542 59
1771667092548 0.98091 60
1771667094261 0.98229 61
1771667096000 0.96994 62
1771667097713 0.97247 63
1771667099450 0.98312 64
1771667101190 0.98014 65
1771667102912 0.97834 66
1771667104623 0.98445 67
1771667106346 0.98146 68
1771667108073 0.98593 69
1771667109812 0.98799 70
1771667111534 0.98297 71
1771667113259 0.98177 72
1771667114976 0.98025 73
1771667116696 0.98122 74
1771667118410 0.98573 75
1771667120148 0.98201 76
1771667121900 0.97646 77
1771667123664 0.97695 78
1771667125411 0.97679 79
1771667127172 0.97693 80
1771667128890 0.98168 81
1771667130615 0.98053 82
1771667132341 0.98168 83
1771667134111 0.98314 84
1771667135855 0.98795 85
1771667137609 0.98873 86
1771667139337 0.98853 87
1771667141078 0.98847 88
1771667142819 0.98618 89
1771667144907 0.98466 90
1771667146674 0.98373 91
1771667148380 0.98426 92
1771667150085 0.9842 93
1771667151822 0.98317 94
1771667153534 0.98213 95
1771667155265 0.98079 96
1771667156991 0.98311 97
1771667158698 0.99107 98
1771667160448 0.98996 99
1771667162277 0.9890648820733566 99
