1771666989371 0.59674 0
1771666991223 0.54164 1
1771666993031 0.69382 2
1771666994741 0.62797 3
1771666996441 0.58149 4
1771666998136 0.60902 5
1771666999836 0.59063 6
1771667001552 0.5002 7
1771667003265 0.39529 8
1771667004989 0.38612 9
1771667006728 0.59564 10
1771667008465 0.5339 11
1771667010185 0.41195 12
1771667011887 0.32849 13
1771667013599 0.49768 14
1771667015329 0.55156 15
1771667017106 0.62977 16
1771667018815 0.71674 17
1771667020533 0.68808 18
1771667022281 0.73213 19
1771667023999 0.6774 20
1771667025734 0.69376 21
1771667027467 0.66619 22
1771667029167 0.72057 23
1771667030877 0.72659 24
1771667032599 0.67749 25
1771667034312 0.65706 26
1771667036028 0.70714 27
1771667037746 0.7256 28
1771667039472 0.74129 29
1771667041185 0.73401 30
1771667042920 0.77234 31
1771667044630 0.71087 32
1771667046340 0.66473 33
1771667048039 0.67201 34
1771667049730 0.72231 35
1771667051417 0.66549 36
1771667053108 0.69858 37
1771667054796 0.708 38
1771667056487 0.75506 39
1771667058188 0.79097 40
1771667059884 0.75045 41
1771667061583 0.74467 42
1771667063283 0.73232 43
1771667064974 0.69827 44
1771667066664 0.7194 45
1771667068368 0.74317 46
1771667070059 0.72479 47
1771667071753 0.72809 48
1771667073441 0.74679 49
1771667075155 0.80752 50
1771667076917 0.81525 51
1771667078680 0.79546 52
1771667080435 0.7702 53
1771667082165 0.78096 54
1771667083888 0.80459 55
1771667085645 0.82144 56
1771667087407 0.82404 57
1771667089125 0.79505 58
1771667090834 0.77397 59
1771667092548 0.78492 60
1771667094261 0.80069 61
1771667096000 0.79551 62
1771667097713 0.78111 63
1771667099450 0.81305 64
1771667101190 0.81161 65
1771667102912 0.78447 66
1771667104623 0.81791 67
1771667106346 0.82326 68
1771667108073 0.81338 69
1771667109812 0.80281 70
1771667111534 0.81813 71
1771667113259 0.79759 72
1771667114976 0.77997 73
1771667116696 0.78728 74
1771667118410 0.81102 75
1771667120148 0.83459 76
1771667121900 0.83434 77
1771667123664 0.84639 78
1771667125411 0.86434 79
1771667127172 0.84034 80
1771667128890 0.84367 81
1771667130615 0.85622 82
1771667132341 0.85101 83
1771667134111 0.85566 84
1771667135855 0.86019 85
1771667137609 0.867 86
1771667139337 0.85496 87
1771667141078 0.83912 88
1771667142819 0.81978 89
1771667144907 0.82259 90
1771667146674 0.81942 91
1771667148380 0.82143 92
1771667150085 0.84035 93
1771667151822 0.85444 94
1771667153534 0.86383 95
1771667155265 0.85369 96
1771667156991 0.85689 97
1771667158698 0.85609 98
1771667160448 0.8544 99
1771667162277 0.8674429587864806 99
