1771666989371 0.00667 0
1771666991223 0.00667 1
1771666993031 0.00667 2
1771666994741 1.0 3
1771666996441 1.0 4
1771666998136 0.95483 5
1771666999836 0.89654 6
1771667001552 0.82937 7
1771667003265 0.70284 8
1771667004989 0.81255 9
1771667006728 0.89082 10
1771667008465 0.76131 11
1771667010185 0.76948 12
1771667011887 0.63881 13
1771667013599 0.85368 14
1771667015329 0.78533 15
1771667017106 0.88072 16
1771667018815 0.93976 17
1771667020533 0.90059 18
1771667022281 0.92191 19
1771667023999 0.9099 20
1771667025734 0.8724 21
1771667027467 0.90099 22
1771667029167 0.95992 23
1771667030877 0.88324 24
1771667032599 0.87274 25
1771667034312 0.93664 26
1771667036028 1.0 27
1771667037746 0.99472 28
1771667039472 0.94111 29
1771667041185 0.94103 30
1771667042920 0.94158 31
1771667044630 0.92238 32
1771667046340 0.93214 33
1771667048039 0.95386 34
1771667049730 0.88513 35
1771667051417 0.90545 36
1771667053108 0.87524 37
1771667054796 0.92178 38
1771667056487 0.9408 39
1771667058188 0.92802 40
1771667059884 0.95429 41
1771667061583 0.95804 42
1771667063283 0.90688 43
1771667064974 0.84623 44
1771667066664 0.92445 45
1771667068368 0.93103 46
1771667070059 0.91646 47
1771667071753 0.93162 48
1771667073441 0.97442 49
1771667075155 0.98071 50
1771667076917 0.98029 51
1771667078680 0.94408 52
1771667080435 0.91555 53
1771667082165 0.9596 54
1771667083888 0.92693 55
1771667085645 0.9665 56
1771667087407 0.94579 57
1771667089125 0.94212 58
1771667090834 0.95762 59
1771667092548 0.97449 60
1771667094261 0.97112 61
1771667096000 0.93769 62
1771667097713 0.96069 63
1771667099450 0.95588 64
1771667101190 0.97433 65
1771667102912 0.97909 66
1771667104623 0.95519 67
1771667106346 0.92892 68
1771667108073 0.92788 69
1771667109812 0.97879 70
1771667111534 0.91062 71
1771667113259 0.92575 72
1771667114976 0.97923 73
1771667116696 0.95744 74
1771667118410 0.96213 75
1771667120148 0.90873 76
1771667121900 0.8943 77
1771667123664 0.89437 78
1771667125411 0.87952 79
1771667127172 0.88073 80
1771667128890 0.95991 81
1771667130615 0.93032 82
1771667132341 0.95979 83
1771667134111 0.95228 84
1771667135855 0.98674 85
1771667137609 0.98625 86
1771667139337 0.91791 87
1771667141078 0.94419 88
1771667142819 0.94082 89
1771667144907 0.95692 90
1771667146674 0.94119 91
1771667148380 0.96223 92
1771667150085 0.96061 93
1771667151822 0.94111 94
1771667153534 0.93795 95
1771667155265 0.92456 96
1771667156991 0.9406 97
1771667158698 0.94109 98
1771667160448 0.93357 99
1771667162277 0.986052922223135 99
