1771666989371 1.0 0
1771666991223 1.0 1
1771666993031 1.0 2
1771666994741 0.48214 3
1771666996441 0.22324 4
1771666998136 0.8131 5
1771666999836 0.82692 6
1771667001552 0.74786 7
1771667003265 0.63682 8
1771667004989 0.667 9
1771667006728 0.75 10
1771667008465 0.80769 11
1771667010185 0.55769 12
1771667011887 0.51923 13
1771667013599 0.67308 14
1771667015329 0.82692 15
1771667017106 0.84615 16
1771667018815 0.92308 17
1771667020533 0.87113 18
1771667022281 0.90815 19
1771667023999 0.82692 20
1771667025734 0.92308 21
1771667027467 0.82692 22
1771667029167 0.92117 23
1771667030877 0.92308 24
1771667032599 0.96154 25
1771667034312 0.85294 26
1771667036028 0.90194 27
1771667037746 0.94231 28
1771667039472 0.92201 29
1771667041185 0.90385 30
1771667042920 0.92995 31
1771667044630 0.94231 32
1771667046340 0.90385 33
1771667048039 0.90385 34
1771667049730 0.88462 35
1771667051417 0.92088 36
1771667053108 0.94231 37
1771667054796 0.98077 38
1771667056487 0.91685 39
1771667058188 0.92308 40
1771667059884 0.92308 41
1771667061583 0.94231 42
1771667063283 0.93649 43
1771667064974 0.98077 44
1771667066664 0.94127 45
1771667068368 0.92308 46
1771667070059 0.90385 47
1771667071753 0.90385 48
1771667073441 0.94231 49
1771667075155 0.97751 50
1771667076917 0.95665 51
1771667078680 0.9741 52
1771667080435 0.94231 53
1771667082165 0.91372 54
1771667083888 0.9759 55
1771667085645 0.92308 56
1771667087407 0.92308 57
1771667089125 0.93917 58
1771667090834 0.96154 59
1771667092548 0.96154 60
1771667094261 0.96154 61
1771667096000 0.96154 62
1771667097713 0.93989 63
1771667099450 0.94231 64
1771667101190 0.90385 65
1771667102912 0.90048 66
1771667104623 0.96154 67
1771667106346 0.96154 68
1771667108073 1.0 69
1771667109812 0.92308 70
1771667111534 0.97962 71
1771667113259 0.95917 72
1771667114976 0.90688 73
1771667116696 0.94231 74
1771667118410 0.92308 75
1771667120148 0.95745 76
1771667121900 0.97632 77
1771667123664 0.977 78
1771667125411 0.98277 79
1771667127172 0.99416 80
1771667128890 0.92085 81
1771667130615 0.94231 82
1771667132341 0.91819 83
1771667134111 0.92308 84
1771667135855 0.92308 85
1771667137609 0.92308 86
1771667139337 0.98077 87
1771667141078 0.98077 88
1771667142819 0.98077 89
1771667144907 0.98077 90
1771667146674 0.98077 91
1771667148380 0.97993 92
1771667150085 0.98077 93
1771667151822 0.98077 94
1771667153534 0.98077 95
1771667155265 0.98077 96
1771667156991 0.98077 97
1771667158698 1.0 98
1771667160448 1.0 99
1771667162277 0.9230769230769231 99
