1771667523888 1.01158 0
1771667525923 0.84092 1
1771667527667 0.88712 2
1771667529434 0.93336 3
1771667531203 0.94638 4
1771667533015 0.91254 5
1771667534812 0.96262 6
1771667536601 0.89526 7
1771667538378 0.95296 8
1771667540112 0.94104 9
1771667541851 0.95111 10
1771667543561 0.93693 11
1771667545276 0.86547 12
1771667546982 0.89592 13
1771667548693 0.89396 14
1771667550402 0.92305 15
1771667552120 0.89471 16
1771667553852 0.86559 17
1771667555578 0.88205 18
1771667557293 0.86137 19
1771667559071 0.84822 20
1771667560814 0.91091 21
1771667562542 0.87442 22
1771667564282 0.82815 23
1771667566004 0.88104 24
1771667567760 0.89806 25
1771667569509 0.82 26
1771667571260 0.83647 27
1771667572992 0.80107 28
1771667574725 0.74486 29
1771667576467 0.72419 30
1771667578271 0.74755 31
1771667580012 0.75032 32
1771667581751 0.76556 33
1771667583471 0.7496 34
1771667585219 0.79141 35
1771667587063 0.75254 36
1771667588838 0.7351 37
1771667590574 0.74386 38
1771667592306 0.67716 39
1771667594008 0.73388 40
1771667595723 0.70697 41
1771667597434 0.69978 42
1771667599148 0.64615 43
1771667600921 0.71295 44
1771667602660 0.67354 45
1771667604386 0.67452 46
1771667606107 0.71111 47
1771667607830 0.66397 48
1771667609567 0.69296 49
1771667611269 0.67551 50
1771667613007 0.63164 51
1771667614716 0.67024 52
1771667616429 0.63589 53
1771667618187 0.65482 54
1771667619914 0.65979 55
1771667621641 0.64446 56
1771667623368 0.68976 57
1771667625085 0.67212 58
1771667626803 0.61406 59
1771667628574 0.66056 60
1771667630331 0.63492 61
1771667632113 0.57833 62
1771667633889 0.65245 63
1771667635615 0.63027 64
1771667637329 0.63051 65
1771667639041 0.59737 66
1771667640777 0.64489 67
1771667642531 0.62404 68
1771667644292 0.6257 69
1771667646032 0.57053 70
1771667647780 0.61246 71
1771667649515 0.63537 72
1771667651242 0.61349 73
1771667652993 0.58715 74
1771667654752 0.56915 75
1771667656485 0.58236 76
1771667658228 0.55845 77
1771667659956 0.56391 78
1771667661683 0.55096 79
1771667663409 0.57302 80
1771667665181 0.56262 81
1771667667121 0.58716 82
1771667668871 0.58399 83
1771667670638 0.49989 84
1771667672365 0.54007 85
1771667674107 0.53413 86
1771667675842 0.54646 87
1771667677560 0.52186 88
1771667679266 0.52146 89
1771667681374 0.35978 90
1771667683128 0.35623 91
1771667684823 0.34476 92
1771667686519 0.37371 93
1771667688217 0.33603 94
1771667689924 0.36621 95
1771667691618 0.33824 96
1771667693328 0.34002 97
1771667695053 0.33612 98
1771667696761 0.34348 99
