1771667523888 2.49007 0
1771667525923 2.07917 1
1771667527667 1.6663 2
1771667529434 1.40347 3
1771667531203 1.29794 4
1771667533015 1.13265 5
1771667534812 1.13976 6
1771667536601 1.03112 7
1771667538378 1.02625 8
1771667540112 0.99229 9
1771667541851 1.04499 10
1771667543561 1.03563 11
1771667545276 0.96311 12
1771667546982 0.97566 13
1771667548693 0.93949 14
1771667550402 0.9044 15
1771667552120 0.87094 16
1771667553852 0.9126 17
1771667555578 0.84619 18
1771667557293 0.8605 19
1771667559071 0.80356 20
1771667560814 0.89196 21
1771667562542 0.86774 22
1771667564282 0.79114 23
1771667566004 0.81879 24
1771667567760 0.80927 25
1771667569509 0.76477 26
1771667571260 0.79031 27
1771667572992 0.73683 28
1771667574725 0.71182 29
1771667576467 0.70271 30
1771667578271 0.7057 31
1771667580012 0.68228 32
1771667581751 0.6874 33
1771667583471 0.68209 34
1771667585219 0.71275 35
1771667587063 0.66898 36
1771667588838 0.65142 37
1771667590574 0.66421 38
1771667592306 0.61945 39
1771667594008 0.65614 40
1771667595723 0.64033 41
1771667597434 0.62417 42
1771667599148 0.60879 43
1771667600921 0.62404 44
1771667602660 0.61774 45
1771667604386 0.60804 46
1771667606107 0.61237 47
1771667607830 0.60005 48
1771667609567 0.5923 49
1771667611269 0.60142 50
1771667613007 0.57064 51
1771667614716 0.57405 52
1771667616429 0.57404 53
1771667618187 0.57272 54
1771667619914 0.57609 55
1771667621641 0.5738 56
1771667623368 0.59021 57
1771667625085 0.57972 58
1771667626803 0.54834 59
1771667628574 0.57628 60
1771667630331 0.53836 61
1771667632113 0.52803 62
1771667633889 0.57073 63
1771667635615 0.54497 64
1771667637329 0.52349 65
1771667639041 0.4982 66
1771667640777 0.55244 67
1771667642531 0.53624 68
1771667644292 0.51273 69
1771667646032 0.50078 70
1771667647780 0.51476 71
1771667649515 0.52503 72
1771667651242 0.51406 73
1771667652993 0.51423 74
1771667654752 0.49633 75
1771667656485 0.50187 76
1771667658228 0.46495 77
1771667659956 0.4793 78
1771667661683 0.44591 79
1771667663409 0.48436 80
1771667665181 0.47149 81
1771667667121 0.49509 82
1771667668871 0.49953 83
1771667670638 0.44528 84
1771667672365 0.45845 85
1771667674107 0.4508 86
1771667675842 0.47448 87
1771667677560 0.44534 88
1771667679266 0.45109 89
1771667681374 0.45698 90
1771667683128 0.38288 91
1771667684823 0.34991 92
1771667686519 0.37641 93
1771667688217 0.34521 94
1771667689924 0.36147 95
1771667691618 0.34559 96
1771667693328 0.33995 97
1771667695053 0.34334 98
1771667696761 0.32964 99
