1771667523888 1.18423 0
1771667525923 1.08199 1
1771667527667 1.12126 2
1771667529434 1.15697 3
1771667531203 1.14265 4
1771667533015 1.14093 5
1771667534812 1.13347 6
1771667536601 1.09376 7
1771667538378 1.11858 8
1771667540112 1.11946 9
1771667541851 1.14277 10
1771667543561 1.13439 11
1771667545276 1.08531 12
1771667546982 1.09856 13
1771667548693 1.08726 14
1771667550402 1.10782 15
1771667552120 1.08722 16
1771667553852 1.08641 17
1771667555578 1.08172 18
1771667557293 1.08083 19
1771667559071 1.05173 20
1771667560814 1.10219 21
1771667562542 1.10253 22
1771667564282 1.05309 23
1771667566004 1.13119 24
1771667567760 1.0766 25
1771667569509 1.06095 26
1771667571260 1.05712 27
1771667572992 1.0667 28
1771667574725 1.00381 29
1771667576467 0.99632 30
1771667578271 1.01577 31
1771667580012 1.03225 32
1771667581751 1.01211 33
1771667583471 1.02215 34
1771667585219 1.03261 35
1771667587063 1.0355 36
1771667588838 1.0063 37
1771667590574 1.0204 38
1771667592306 0.9875 39
1771667594008 1.0203 40
1771667595723 1.01687 41
1771667597434 1.01145 42
1771667599148 0.98155 43
1771667600921 1.00908 44
1771667602660 0.99245 45
1771667604386 1.00017 46
1771667606107 1.02765 47
1771667607830 0.99807 48
1771667609567 1.01548 49
1771667611269 1.00421 50
1771667613007 0.95613 51
1771667614716 0.98392 52
1771667616429 0.97629 53
1771667618187 0.98891 54
1771667619914 0.98626 55
1771667621641 0.99471 56
1771667623368 0.98627 57
1771667625085 1.00106 58
1771667626803 0.97787 59
1771667628574 0.99896 60
1771667630331 0.96905 61
1771667632113 0.95518 62
1771667633889 1.00296 63
1771667635615 0.97712 64
1771667637329 0.98541 65
1771667639041 0.97443 66
1771667640777 0.98058 67
1771667642531 0.96965 68
1771667644292 0.96877 69
1771667646032 0.94824 70
1771667647780 0.95657 71
1771667649515 0.97283 72
1771667651242 0.98562 73
1771667652993 0.98315 74
1771667654752 0.96038 75
1771667656485 0.96281 76
1771667658228 0.97717 77
1771667659956 0.94193 78
1771667661683 0.93908 79
1771667663409 0.97745 80
1771667665181 0.96556 81
1771667667121 0.95777 82
1771667668871 0.97444 83
1771667670638 0.92827 84
1771667672365 0.9488 85
1771667674107 0.94439 86
1771667675842 0.95401 87
1771667677560 0.93631 88
1771667679266 0.94529 89
1771667681374 0.84968 90
1771667683128 0.85 91
1771667684823 0.85143 92
1771667686519 0.87205 93
1771667688217 0.83139 94
1771667689924 0.86095 95
1771667691618 0.84029 96
1771667693328 0.84181 97
1771667695053 0.8456 98
1771667696761 0.84617 99
