1771667703339 1.31564 0
1771667704618 1.08109 1
1771667705545 1.13114 2
1771667706382 1.07537 3
1771667707227 1.13175 4
1771667708066 1.09029 5
1771667708889 1.17735 6
1771667709711 1.11204 7
1771667710531 1.11748 8
1771667711350 1.03811 9
1771667712184 1.07695 10
1771667713004 1.07593 11
1771667713838 0.99804 12
1771667714653 1.04523 13
1771667715449 1.01059 14
1771667716253 1.04033 15
1771667717054 0.99549 16
1771667717856 0.99545 17
1771667718667 0.97922 18
1771667719471 0.94885 19
1771667720297 0.96365 20
1771667721091 1.03919 21
1771667721889 1.02451 22
1771667722684 0.95078 23
1771667723497 0.953 24
1771667724305 0.96367 25
1771667725109 0.91072 26
1771667725904 0.93385 27
1771667726695 0.89918 28
1771667727506 0.87688 29
1771667728303 0.83977 30
1771667729101 0.88747 31
1771667730583 0.85079 32
1771667731396 0.86092 33
1771667732225 0.82645 34
1771667733045 0.93637 35
1771667733854 0.83737 36
1771667734661 0.83386 37
1771667735729 0.84346 38
1771667736944 0.78812 39
1771667737755 0.83122 40
1771667738564 0.78414 41
1771667739378 0.77134 42
1771667740192 0.79303 43
1771667740997 0.79452 44
1771667741804 0.79933 45
1771667742611 0.83796 46
1771667743409 0.84356 47
1771667744216 0.80623 48
1771667745030 0.81534 49
1771667745928 0.76175 50
1771667746757 0.75548 51
1771667747559 0.78268 52
1771667748362 0.75114 53
1771667749184 0.76061 54
1771667750121 0.81744 55
1771667750913 0.78499 56
1771667751713 0.80073 57
1771667752505 0.79445 58
1771667753325 0.74614 59
1771667754145 0.79119 60
1771667754953 0.75976 61
1771667755759 0.73418 62
1771667756563 0.75789 63
1771667757375 0.73599 64
1771667758173 0.70865 65
1771667758995 0.69771 66
1771667759812 0.72745 67
1771667760617 0.70649 68
1771667761426 0.73152 69
