1771667703339 2.81977 0
1771667704618 2.43418 1
1771667705545 1.99978 2
1771667706382 1.66987 3
1771667707227 1.32244 4
1771667708066 1.123 5
1771667708889 1.10254 6
1771667709711 1.02685 7
1771667710531 1.02418 8
1771667711350 0.96723 9
1771667712184 0.99106 10
1771667713004 0.99475 11
1771667713838 0.902 12
1771667714653 0.93943 13
1771667715449 0.91927 14
1771667716253 0.91226 15
1771667717054 0.87324 16
1771667717856 0.88914 17
1771667718667 0.85293 18
1771667719471 0.83622 19
1771667720297 0.8317 20
1771667721091 0.90596 21
1771667721889 0.89519 22
1771667722684 0.83121 23
1771667723497 0.81941 24
1771667724305 0.82252 25
1771667725109 0.81056 26
1771667725904 0.77509 27
1771667726695 0.75881 28
1771667727506 0.71003 29
1771667728303 0.72571 30
1771667729101 0.72906 31
1771667730583 0.70624 32
1771667731396 0.71319 33
1771667732225 0.70021 34
1771667733045 0.75606 35
1771667733854 0.69997 36
1771667734661 0.68302 37
1771667735729 0.70104 38
1771667736944 0.68255 39
1771667737755 0.70622 40
1771667738564 0.67613 41
1771667739378 0.66964 42
1771667740192 0.64367 43
1771667740997 0.63382 44
1771667741804 0.66332 45
1771667742611 0.68206 46
1771667743409 0.68139 47
1771667744216 0.67988 48
1771667745030 0.6579 49
1771667745928 0.62003 50
1771667746757 0.62229 51
1771667747559 0.63999 52
1771667748362 0.63639 53
1771667749184 0.63776 54
1771667750121 0.65229 55
1771667750913 0.6465 56
1771667751713 0.64336 57
1771667752505 0.64601 58
1771667753325 0.61808 59
1771667754145 0.61873 60
1771667754953 0.58738 61
1771667755759 0.59783 62
1771667756563 0.60923 63
1771667757375 0.59019 64
1771667758173 0.56673 65
1771667758995 0.55168 66
1771667759812 0.59474 67
1771667760617 0.58334 68
1771667761426 0.55607 69
