1771667703339 1.29014 0
1771667704618 1.11642 1
1771667705545 1.11634 2
1771667706382 1.11029 3
1771667707227 1.13666 4
1771667708066 1.12705 5
1771667708889 1.16659 6
1771667709711 1.12284 7
1771667710531 1.10604 8
1771667711350 1.09425 9
1771667712184 1.13505 10
1771667713004 1.11924 11
1771667713838 1.07115 12
1771667714653 1.08843 13
1771667715449 1.06756 14
1771667716253 1.07582 15
1771667717054 1.06694 16
1771667717856 1.08688 17
1771667718667 1.06152 18
1771667719471 1.06383 19
1771667720297 1.0669 20
1771667721091 1.09716 21
1771667721889 1.09314 22
1771667722684 1.04072 23
1771667723497 1.06762 24
1771667724305 1.05164 25
1771667725109 1.03956 26
1771667725904 1.03657 27
1771667726695 1.03787 28
1771667727506 1.01062 29
1771667728303 0.99514 30
1771667729101 1.01126 31
1771667730583 1.00496 32
1771667731396 0.9972 33
1771667732225 1.00676 34
1771667733045 1.03866 35
1771667733854 1.01484 36
1771667734661 1.00218 37
1771667735729 1.00553 38
1771667736944 0.9966 39
1771667737755 1.01318 40
1771667738564 1.01099 41
1771667739378 1.00595 42
1771667740192 0.98874 43
1771667740997 0.99219 44
1771667741804 0.99054 45
1771667742611 0.98652 46
1771667743409 1.01119 47
1771667744216 0.99437 48
1771667745030 1.00749 49
1771667745928 0.98078 50
1771667746757 0.96494 51
1771667747559 0.99006 52
1771667748362 0.98041 53
1771667749184 0.98896 54
1771667750121 0.99417 55
1771667750913 1.00786 56
1771667751713 0.98758 57
1771667752505 1.00815 58
1771667753325 0.98156 59
1771667754145 1.00338 60
1771667754953 0.97771 61
1771667755759 0.971 62
1771667756563 0.99956 63
1771667757375 0.96971 64
1771667758173 0.96494 65
1771667758995 0.96531 66
1771667759812 0.95961 67
1771667760617 0.96398 68
1771667761426 0.96574 69
