1771667176554 0.51579 0
1771667178741 0.44757 1
1771667180961 0.60859 2
1771667182720 0.38782 3
1771667184529 0.34939 4
1771667186268 0.29034 5
1771667188055 0.39682 6
1771667189787 0.35137 7
1771667191685 0.44654 8
1771667193398 0.46865 9
1771667195129 0.26875 10
1771667196835 0.49556 11
1771667198548 0.46628 12
1771667200250 0.5267 13
1771667202113 0.57853 14
1771667203850 0.60323 15
1771667205579 0.63838 16
1771667207327 0.66965 17
1771667209061 0.63738 18
1771667210787 0.68661 19
1771667212529 0.70121 20
1771667214251 0.66165 21
1771667215979 0.53097 22
1771667217698 0.67815 23
1771667219420 0.67103 24
1771667221144 0.52684 25
1771667222867 0.63167 26
1771667224592 0.70687 27
1771667226311 0.68594 28
1771667228033 0.73176 29
1771667229763 0.73365 30
1771667231488 0.75536 31
1771667233218 0.74981 32
1771667234935 0.70055 33
1771667236650 0.74722 34
1771667238369 0.76652 35
1771667240084 0.73192 36
1771667241797 0.70949 37
1771667243533 0.77105 38
1771667245252 0.7971 39
1771667246976 0.79572 40
1771667248695 0.79262 41
1771667250416 0.76079 42
1771667252133 0.72424 43
1771667253869 0.71074 44
1771667255585 0.71722 45
1771667257310 0.69424 46
1771667259037 0.70899 47
1771667260759 0.74337 48
1771667262474 0.75317 49
1771667264204 0.74246 50
1771667265920 0.70285 51
1771667267645 0.70025 52
1771667269357 0.6639 53
1771667271076 0.65426 54
1771667272795 0.67686 55
1771667274517 0.70315 56
1771667276236 0.76426 57
1771667277962 0.77256 58
1771667279681 0.73601 59
1771667281243 0.7974338954340574 59
