1771667176554 0.83054 0
1771667178741 0.6999 1
1771667180961 0.86449 2
1771667182720 0.65508 3
1771667184529 0.54817 4
1771667186268 0.50299 5
1771667188055 0.63431 6
1771667189787 0.58809 7
1771667191685 0.73339 8
1771667193398 0.81358 9
1771667195129 0.54833 10
1771667196835 0.77556 11
1771667198548 0.79484 12
1771667200250 0.78298 13
1771667202113 0.92963 14
1771667203850 0.90938 15
1771667205579 0.89075 16
1771667207327 0.94709 17
1771667209061 0.91154 18
1771667210787 0.95844 19
1771667212529 0.94177 20
1771667214251 0.92109 21
1771667215979 0.94354 22
1771667217698 0.94266 23
1771667219420 0.90042 24
1771667221144 0.73019 25
1771667222867 0.86913 26
1771667224592 0.97646 27
1771667226311 0.97949 28
1771667228033 0.97369 29
1771667229763 0.96614 30
1771667231488 0.95121 31
1771667233218 0.96339 32
1771667234935 0.94983 33
1771667236650 0.95455 34
1771667238369 0.97439 35
1771667240084 0.97372 36
1771667241797 0.9675 37
1771667243533 0.97288 38
1771667245252 0.9786 39
1771667246976 0.99011 40
1771667248695 0.98116 41
1771667250416 0.95892 42
1771667252133 0.93005 43
1771667253869 0.92679 44
1771667255585 0.94249 45
1771667257310 0.94504 46
1771667259037 0.96545 47
1771667260759 0.97279 48
1771667262474 0.97135 49
1771667264204 0.9731 50
1771667265920 0.93653 51
1771667267645 0.94262 52
1771667269357 0.92577 53
1771667271076 0.9259 54
1771667272795 0.94089 55
1771667274517 0.96704 56
1771667276236 0.97141 57
1771667277962 0.97087 58
1771667279681 0.96636 59
1771667281243 0.9786037292294655 59
