1771667176554 0.00667 0
1771667178741 0.00667 1
1771667180961 0.00667 2
1771667182720 1.0 3
1771667184529 1.0 4
1771667186268 1.0 5
1771667188055 0.95561 6
1771667189787 0.87513 7
1771667191685 0.65837 8
1771667193398 0.78114 9
1771667195129 0.7823 10
1771667196835 0.90673 11
1771667198548 0.77652 12
1771667200250 0.79547 13
1771667202113 0.86803 14
1771667203850 0.95514 15
1771667205579 1.0 16
1771667207327 0.99462 17
1771667209061 0.84688 18
1771667210787 0.94721 19
1771667212529 0.95518 20
1771667214251 0.86926 21
1771667215979 0.92642 22
1771667217698 0.90471 23
1771667219420 0.78481 24
1771667221144 0.71246 25
1771667222867 0.81267 26
1771667224592 0.90069 27
1771667226311 0.96623 28
1771667228033 0.94078 29
1771667229763 0.91358 30
1771667231488 0.90115 31
1771667233218 0.92195 32
1771667234935 0.92302 33
1771667236650 0.88226 34
1771667238369 0.94209 35
1771667240084 0.93656 36
1771667241797 0.90461 37
1771667243533 0.91022 38
1771667245252 0.94291 39
1771667246976 0.98027 40
1771667248695 0.92527 41
1771667250416 0.89486 42
1771667252133 0.8143 43
1771667253869 0.84464 44
1771667255585 0.87376 45
1771667257310 0.91461 46
1771667259037 0.94322 47
1771667260759 0.94262 48
1771667262474 0.93801 49
1771667264204 0.94113 50
1771667265920 0.91941 51
1771667267645 0.93933 52
1771667269357 0.88858 53
1771667271076 0.9334 54
1771667272795 0.92011 55
1771667274517 0.96068 56
1771667276236 0.92485 57
1771667277962 0.88855 58
1771667279681 0.88851 59
1771667281243 0.9429126224948328 59
