1771667176554 1.0 0
1771667178741 1.0 1
1771667180961 1.0 2
1771667182720 0.21043 3
1771667184529 0.19848 4
1771667186268 0.35722 5
1771667188055 0.41419 6
1771667189787 0.40385 7
1771667191685 0.67308 8
1771667193398 0.78846 9
1771667195129 0.48077 10
1771667196835 0.63462 11
1771667198548 0.73511 12
1771667200250 0.71154 13
1771667202113 0.88548 14
1771667203850 0.8191 15
1771667205579 0.80583 16
1771667207327 0.88462 17
1771667209061 0.84615 18
1771667210787 0.90385 19
1771667212529 0.88462 20
1771667214251 0.89513 21
1771667215979 0.86538 22
1771667217698 0.98077 23
1771667219420 0.94231 24
1771667221144 0.92308 25
1771667222867 0.88462 26
1771667224592 0.96154 27
1771667226311 0.88462 28
1771667228033 0.9166 29
1771667229763 0.94231 30
1771667231488 0.87668 31
1771667233218 0.90874 32
1771667234935 0.92233 33
1771667236650 0.92308 34
1771667238369 0.93854 35
1771667240084 0.94231 36
1771667241797 0.94231 37
1771667243533 0.97496 38
1771667245252 0.9529 39
1771667246976 0.95568 40
1771667248695 1.0 41
1771667250416 0.90385 42
1771667252133 0.92768 43
1771667253869 0.94099 44
1771667255585 0.93183 45
1771667257310 0.92308 46
1771667259037 0.9585 47
1771667260759 0.94787 48
1771667262474 0.90385 49
1771667264204 0.92237 50
1771667265920 0.87767 51
1771667267645 0.92308 52
1771667269357 0.9202 53
1771667271076 0.88462 54
1771667272795 0.94231 55
1771667274517 0.93973 56
1771667276236 0.96154 57
1771667277962 0.96154 58
1771667279681 0.96154 59
1771667281243 0.9529947922805065 59
