1771667372061 0.00014000000000000001 0
1771667374122 0.00029703 1
1771667375861 0.000450892 2
1771667377600 0.000601586 3
1771667379339 0.000749112 4
1771667381070 0.0008934700000000002 5
1771667382793 0.00103466 6
1771667384557 0.0011726820000000002 7
1771667386283 0.001307536 8
1771667387997 0.001439222 9
1771667389716 0.00156774 10
1771667391434 0.00169309 11
1771667393181 0.0017624 12
1771667394931 0.0017426 13
1771667396641 0.0017228 14
1771667398387 0.001703 15
1771667400104 0.0016832000000000001 16
1771667401867 0.0016634 17
1771667403671 0.0016436000000000003 18
1771667405402 0.0016238000000000001 19
1771667407134 0.0016040000000000002 20
1771667408861 0.0015842 21
1771667410645 0.0015644 22
1771667412379 0.0015446 23
1771667414101 0.0015248 24
1771667415890 0.0015049999999999998 25
1771667417640 0.0014852 26
1771667419391 0.0014654000000000002 27
1771667421167 0.0014456 28
1771667422936 0.0014258 29
1771667424683 0.001406 30
1771667426413 0.0013862 31
1771667428157 0.0013663999999999998 32
1771667429913 0.0013465999999999999 33
1771667431664 0.0013267999999999997 34
1771667433406 0.001307 35
1771667435204 0.0012872 36
1771667436933 0.0012674000000000001 37
1771667438666 0.0012476 38
1771667440386 0.0012278 39
1771667442105 0.001208 40
1771667443844 0.0011882000000000002 41
1771667445633 0.0011684000000000002 42
1771667447431 0.0011486 43
1771667449204 0.0011288000000000001 44
1771667450981 0.001109 45
1771667452733 0.0010892000000000002 46
1771667454468 0.0010694 47
1771667456202 0.0010496000000000001 48
1771667457955 0.0010298 49
1771667459745 0.00101 50
1771667461487 0.0009901999999999999 51
1771667463204 0.0009704 52
1771667464922 0.0009506 53
1771667466681 0.0009308 54
1771667468431 0.0009109999999999999 55
1771667470150 0.0008911999999999999 56
1771667471905 0.0008714 57
1771667473686 0.0008516000000000001 58
1771667475419 0.0008318000000000002 59
1771667477163 0.0008120000000000001 60
1771667478905 0.0007922000000000001 61
