1772026363416 1.1378 0
1772026386810 1.29095 1
1772026407932 1.36644 2
1772026428798 1.35039 3
1772026449674 1.30024 4
1772026470074 1.2717 5
1772026490425 1.23579 6
1772026511027 1.17585 7
1772026531648 1.16806 8
1772026552149 1.16607 9
1772026572693 1.10095 10
1772026593492 1.10736 11
1772026613807 1.06537 12
1772026634091 1.05757 13
1772026654385 1.01813 14
1772026674841 0.99823 15
1772026695222 0.98677 16
1772026715689 0.97724 17
1772026735943 0.98295 18
1772026756313 0.95204 19
1772026776741 0.92323 20
1772026797067 0.91549 21
1772026817321 0.91631 22
1772026837572 0.91557 23
1772026857858 0.90392 24
1772026878157 0.8992 25
1772026898441 0.86522 26
1772026918761 0.87293 27
1772026938994 0.84874 28
1772026959263 0.84538 29
1772026979574 0.81899 30
1772027000065 0.83979 31
1772027020405 0.80374 32
1772027041343 0.82421 33
1772027062374 0.81218 34
1772027083371 0.79801 35
1772027104525 0.79396 36
1772027125802 0.78978 37
1772027146885 0.77688 38
1772027167978 0.75476 39
1772027189098 0.7704 40
1772027210235 0.75646 41
1772027231366 0.74931 42
1772027252079 0.74916 43
1772027272526 0.73714 44
1772027292975 0.73157 45
1772027313516 0.74121 46
1772027334012 0.72024 47
1772027354479 0.73079 48
1772027374921 0.71742 49
1772027395418 0.72887 50
1772027415936 0.70151 51
1772027436212 0.71682 52
1772027456480 0.70599 53
1772027476757 0.70096 54
1772027497012 0.68408 55
1772027517358 0.68175 56
1772027537810 0.69411 57
1772027558240 0.68889 58
1772027578656 0.68163 59
1772027599073 0.66501 60
1772027619607 0.67077 61
1772027640756 0.65533 62
1772027662000 0.65699 63
1772027682956 0.63678 64
1772027703512 0.63383 65
1772027724022 0.63462 66
1772027744655 0.63587 67
1772027765294 0.63983 68
1772027785960 0.61416 69
1772027806548 0.65182 70
1772027827236 0.64449 71
1772027847903 0.63028 72
1772027868495 0.6231 73
1772027889100 0.62826 74
1772027909587 0.62122 75
1772027930174 0.63431 76
1772027950744 0.59692 77
1772027971603 0.62529 78
1772027992250 0.61046 79
1772028012789 0.59598 80
1772028033293 0.60654 81
1772028053785 0.58911 82
1772028074432 0.61408 83
1772028095723 0.5832 84
1772028116827 0.58904 85
1772028138044 0.59577 86
1772028159309 0.60034 87
1772028180425 0.5841 88
1772028201386 0.58083 89
1772028222169 0.59476 90
1772028242812 0.5979 91
1772028263275 0.5755 92
1772028283689 0.56664 93
1772028304124 0.5587 94
1772028324500 0.55383 95
1772028344997 0.56825 96
1772028365550 0.55377 97
1772028386040 0.56203 98
1772028406615 0.54207 99
1772028426972 0.54857 100
1772028447257 0.54325 101
1772028467541 0.56234 102
1772028487892 0.55132 103
1772028508457 0.55098 104
1772028528974 0.55764 105
1772028549526 0.55441 106
1772028570054 0.54547 107
1772028590529 0.53218 108
1772028611039 0.53394 109
1772028631474 0.54235 110
1772028651876 0.53296 111
1772028672432 0.52469 112
1772028693007 0.53684 113
1772028713571 0.53013 114
1772028734210 0.52067 115
1772028754828 0.52252 116
1772028775657 0.52445 117
1772028796298 0.53159 118
1772028816801 0.50849 119
1772028837563 0.50959 120
1772028858035 0.51395 121
1772028878603 0.52348 122
1772028898935 0.50177 123
1772028919199 0.51256 124
1772028939460 0.50237 125
1772028959730 0.50633 126
1772028980000 0.49716 127
1772029000312 0.50221 128
1772029020910 0.4994 129
1772029041422 0.49287 130
1772029062165 0.49477 131
1772029082890 0.4882 132
1772029103423 0.47624 133
1772029124063 0.47948 134
1772029144573 0.48804 135
1772029164882 0.47629 136
1772029185304 0.48069 137
1772029205721 0.47496 138
1772029226028 0.47792 139
1772029246267 0.46071 140
1772029266696 0.47071 141
1772029287201 0.46809 142
1772029307814 0.46666 143
1772029328249 0.46518 144
1772029348798 0.46525 145
1772029369343 0.47288 146
1772029389716 0.47397 147
1772029409992 0.46049 148
1772029430282 0.46365 149
1772029450804 0.44839 150
1772029471299 0.46157 151
1772029491524 0.44448 152
1772029511773 0.44695 153
1772029532022 0.44973 154
1772029552290 0.44136 155
1772029572526 0.44796 156
1772029592804 0.46076 157
1772029613138 0.43666 158
1772029633402 0.42529 159
1772029653594 0.43812 160
1772029673844 0.43811 161
1772029694368 0.4347 162
1772029714960 0.4415 163
1772029735391 0.42586 164
1772029755838 0.42641 165
1772029776329 0.43354 166
1772029796816 0.42764 167
1772029817305 0.43953 168
1772029837763 0.4337 169
1772029858200 0.43403 170
1772029878682 0.42895 171
1772029899154 0.41696 172
1772029919643 0.41226 173
1772029940180 0.43486 174
1772029960599 0.4132 175
1772029981252 0.41646 176
1772030001872 0.42083 177
1772030022259 0.41286 178
1772030043052 0.39843 179
1772030063586 0.40006 180
1772030084273 0.41455 181
1772030105070 0.40495 182
1772030125567 0.40964 183
1772030146207 0.40765 184
1772030167341 0.39778 185
1772030188381 0.4017 186
1772030209470 0.39325 187
1772030230548 0.39659 188
1772030251619 0.39603 189
1772030273403 0.90931 190
1772030294504 0.89345 191
1772030315296 0.85692 192
1772030335816 0.86771 193
1772030356268 0.85572 194
1772030376709 0.84676 195
1772030397272 0.84312 196
1772030417888 0.84485 197
1772030438483 0.85177 198
1772030458976 0.83072 199
