1772026363416 2.12561 0
1772026386810 1.65014 1
1772026407932 1.63171 2
1772026428798 1.51399 3
1772026449674 1.40457 4
1772026470074 1.30294 5
1772026490425 1.25189 6
1772026511027 1.18108 7
1772026531648 1.14934 8
1772026552149 1.12552 9
1772026572693 1.04648 10
1772026593492 1.05794 11
1772026613807 1.02744 12
1772026634091 0.99437 13
1772026654385 0.96265 14
1772026674841 0.91502 15
1772026695222 0.91909 16
1772026715689 0.91238 17
1772026735943 0.88992 18
1772026756313 0.86962 19
1772026776741 0.84173 20
1772026797067 0.83001 21
1772026817321 0.83401 22
1772026837572 0.80822 23
1772026857858 0.80487 24
1772026878157 0.79766 25
1772026898441 0.78121 26
1772026918761 0.77858 27
1772026938994 0.76591 28
1772026959263 0.74551 29
1772026979574 0.75278 30
1772027000065 0.74221 31
1772027020405 0.72247 32
1772027041343 0.72919 33
1772027062374 0.7273 34
1772027083371 0.71546 35
1772027104525 0.71216 36
1772027125802 0.70212 37
1772027146885 0.67653 38
1772027167978 0.66769 39
1772027189098 0.66695 40
1772027210235 0.66034 41
1772027231366 0.65359 42
1772027252079 0.65796 43
1772027272526 0.64442 44
1772027292975 0.64375 45
1772027313516 0.65356 46
1772027334012 0.64501 47
1772027354479 0.63393 48
1772027374921 0.62481 49
1772027395418 0.63042 50
1772027415936 0.61218 51
1772027436212 0.62587 52
1772027456480 0.61866 53
1772027476757 0.61185 54
1772027497012 0.5987 55
1772027517358 0.59872 56
1772027537810 0.60159 57
1772027558240 0.60663 58
1772027578656 0.59025 59
1772027599073 0.57778 60
1772027619607 0.59793 61
1772027640756 0.57181 62
1772027662000 0.56568 63
1772027682956 0.56347 64
1772027703512 0.55487 65
1772027724022 0.55116 66
1772027744655 0.55507 67
1772027765294 0.55179 68
1772027785960 0.53641 69
1772027806548 0.55466 70
1772027827236 0.55691 71
1772027847903 0.54524 72
1772027868495 0.53179 73
1772027889100 0.54436 74
1772027909587 0.53586 75
1772027930174 0.55358 76
1772027950744 0.52178 77
1772027971603 0.53721 78
1772027992250 0.53654 79
1772028012789 0.51908 80
1772028033293 0.52966 81
1772028053785 0.50155 82
1772028074432 0.51964 83
1772028095723 0.49706 84
1772028116827 0.51245 85
1772028138044 0.50626 86
1772028159309 0.50545 87
1772028180425 0.50469 88
1772028201386 0.50259 89
1772028222169 0.50171 90
1772028242812 0.50264 91
1772028263275 0.49393 92
1772028283689 0.48131 93
1772028304124 0.48089 94
1772028324500 0.48202 95
1772028344997 0.48704 96
1772028365550 0.48134 97
1772028386040 0.48216 98
1772028406615 0.46918 99
1772028426972 0.48218 100
1772028447257 0.46859 101
1772028467541 0.47332 102
1772028487892 0.46567 103
1772028508457 0.47083 104
1772028528974 0.48141 105
1772028549526 0.46255 106
1772028570054 0.46551 107
1772028590529 0.44984 108
1772028611039 0.46125 109
1772028631474 0.45965 110
1772028651876 0.45282 111
1772028672432 0.45096 112
1772028693007 0.45664 113
1772028713571 0.45405 114
1772028734210 0.44222 115
1772028754828 0.43805 116
1772028775657 0.44757 117
1772028796298 0.44941 118
1772028816801 0.42981 119
1772028837563 0.44136 120
1772028858035 0.43947 121
1772028878603 0.44464 122
1772028898935 0.42634 123
1772028919199 0.43525 124
1772028939460 0.43229 125
1772028959730 0.43275 126
1772028980000 0.4278 127
1772029000312 0.422 128
1772029020910 0.41823 129
1772029041422 0.42055 130
1772029062165 0.42406 131
1772029082890 0.41256 132
1772029103423 0.40248 133
1772029124063 0.40704 134
1772029144573 0.41686 135
1772029164882 0.40436 136
1772029185304 0.40496 137
1772029205721 0.40076 138
1772029226028 0.41009 139
1772029246267 0.4018 140
1772029266696 0.40254 141
1772029287201 0.39724 142
1772029307814 0.3913 143
1772029328249 0.39545 144
1772029348798 0.39537 145
1772029369343 0.39891 146
1772029389716 0.40171 147
1772029409992 0.38486 148
1772029430282 0.39753 149
1772029450804 0.3865 150
1772029471299 0.39536 151
1772029491524 0.38301 152
1772029511773 0.38201 153
1772029532022 0.38498 154
1772029552290 0.37347 155
1772029572526 0.38239 156
1772029592804 0.38235 157
1772029613138 0.37234 158
1772029633402 0.35398 159
1772029653594 0.36901 160
1772029673844 0.37029 161
1772029694368 0.36607 162
1772029714960 0.37356 163
1772029735391 0.35938 164
1772029755838 0.36026 165
1772029776329 0.36213 166
1772029796816 0.35762 167
1772029817305 0.36703 168
1772029837763 0.35748 169
1772029858200 0.36359 170
1772029878682 0.35381 171
1772029899154 0.35575 172
1772029919643 0.35143 173
1772029940180 0.36423 174
1772029960599 0.35202 175
1772029981252 0.35636 176
1772030001872 0.35736 177
1772030022259 0.35383 178
1772030043052 0.3415 179
1772030063586 0.33526 180
1772030084273 0.34325 181
1772030105070 0.34401 182
1772030125567 0.34564 183
1772030146207 0.34168 184
1772030167341 0.33628 185
1772030188381 0.34314 186
1772030209470 0.32855 187
1772030230548 0.33592 188
1772030251619 0.33576 189
1772030273403 0.69268 190
1772030294504 0.64724 191
1772030315296 0.63725 192
1772030335816 0.63848 193
1772030356268 0.63454 194
1772030376709 0.62292 195
1772030397272 0.62078 196
1772030417888 0.61754 197
1772030438483 0.61695 198
1772030458976 0.60178 199
