1772026363416 1.33875 0
1772026386810 1.44197 1
1772026407932 1.49985 2
1772026428798 1.48988 3
1772026449674 1.44666 4
1772026470074 1.42082 5
1772026490425 1.40851 6
1772026511027 1.36524 7
1772026531648 1.36918 8
1772026552149 1.3557 9
1772026572693 1.31984 10
1772026593492 1.32842 11
1772026613807 1.29958 12
1772026634091 1.28233 13
1772026654385 1.26084 14
1772026674841 1.25106 15
1772026695222 1.25938 16
1772026715689 1.23828 17
1772026735943 1.2421 18
1772026756313 1.22102 19
1772026776741 1.202 20
1772026797067 1.19236 21
1772026817321 1.19861 22
1772026837572 1.19508 23
1772026857858 1.19109 24
1772026878157 1.17886 25
1772026898441 1.17989 26
1772026918761 1.1727 27
1772026938994 1.15405 28
1772026959263 1.15445 29
1772026979574 1.15068 30
1772027000065 1.15597 31
1772027020405 1.13622 32
1772027041343 1.14949 33
1772027062374 1.1425 34
1772027083371 1.13 35
1772027104525 1.12915 36
1772027125802 1.12941 37
1772027146885 1.12227 38
1772027167978 1.11153 39
1772027189098 1.11395 40
1772027210235 1.10965 41
1772027231366 1.10789 42
1772027252079 1.11115 43
1772027272526 1.09405 44
1772027292975 1.10656 45
1772027313516 1.10072 46
1772027334012 1.09761 47
1772027354479 1.08797 48
1772027374921 1.08378 49
1772027395418 1.09944 50
1772027415936 1.08165 51
1772027436212 1.08642 52
1772027456480 1.07908 53
1772027476757 1.08052 54
1772027497012 1.0715 55
1772027517358 1.06794 56
1772027537810 1.06982 57
1772027558240 1.07174 58
1772027578656 1.0606 59
1772027599073 1.05431 60
1772027619607 1.05889 61
1772027640756 1.04967 62
1772027662000 1.05859 63
1772027682956 1.0424 64
1772027703512 1.04801 65
1772027724022 1.04491 66
1772027744655 1.04812 67
1772027765294 1.05572 68
1772027785960 1.03403 69
1772027806548 1.05446 70
1772027827236 1.04438 71
1772027847903 1.03355 72
1772027868495 1.03861 73
1772027889100 1.03818 74
1772027909587 1.03669 75
1772027930174 1.04516 76
1772027950744 1.01648 77
1772027971603 1.03591 78
1772027992250 1.03017 79
1772028012789 1.02979 80
1772028033293 1.03695 81
1772028053785 1.01581 82
1772028074432 1.02642 83
1772028095723 1.01254 84
1772028116827 1.02458 85
1772028138044 1.02076 86
1772028159309 1.02658 87
1772028180425 1.01558 88
1772028201386 1.01432 89
1772028222169 1.02169 90
1772028242812 1.02723 91
1772028263275 1.00784 92
1772028283689 1.00907 93
1772028304124 1.00724 94
1772028324500 1.00852 95
1772028344997 1.00631 96
1772028365550 1.00358 97
1772028386040 1.00502 98
1772028406615 0.99695 99
1772028426972 0.99758 100
1772028447257 1.00033 101
1772028467541 0.99849 102
1772028487892 1.00131 103
1772028508457 0.99773 104
1772028528974 1.0107 105
1772028549526 0.99764 106
1772028570054 1.00024 107
1772028590529 0.98825 108
1772028611039 0.99064 109
1772028631474 0.99377 110
1772028651876 0.99578 111
1772028672432 0.9897 112
1772028693007 0.98994 113
1772028713571 0.99541 114
1772028734210 0.98194 115
1772028754828 0.98206 116
1772028775657 0.98631 117
1772028796298 0.99286 118
1772028816801 0.9798 119
1772028837563 0.98966 120
1772028858035 0.98386 121
1772028878603 0.992 122
1772028898935 0.97185 123
1772028919199 0.983 124
1772028939460 0.97218 125
1772028959730 0.97833 126
1772028980000 0.97067 127
1772029000312 0.9749 128
1772029020910 0.97911 129
1772029041422 0.97298 130
1772029062165 0.97111 131
1772029082890 0.9673 132
1772029103423 0.95796 133
1772029124063 0.96925 134
1772029144573 0.97008 135
1772029164882 0.96672 136
1772029185304 0.96679 137
1772029205721 0.96096 138
1772029226028 0.96907 139
1772029246267 0.96236 140
1772029266696 0.96735 141
1772029287201 0.95646 142
1772029307814 0.96297 143
1772029328249 0.95622 144
1772029348798 0.95678 145
1772029369343 0.96049 146
1772029389716 0.95803 147
1772029409992 0.96041 148
1772029430282 0.96656 149
1772029450804 0.95089 150
1772029471299 0.95728 151
1772029491524 0.95645 152
1772029511773 0.95301 153
1772029532022 0.95424 154
1772029552290 0.95262 155
1772029572526 0.94861 156
1772029592804 0.95543 157
1772029613138 0.95113 158
1772029633402 0.93183 159
1772029653594 0.94651 160
1772029673844 0.94155 161
1772029694368 0.9419 162
1772029714960 0.95105 163
1772029735391 0.94092 164
1772029755838 0.94359 165
1772029776329 0.94165 166
1772029796816 0.94317 167
1772029817305 0.94742 168
1772029837763 0.94139 169
1772029858200 0.94372 170
1772029878682 0.94328 171
1772029899154 0.93674 172
1772029919643 0.93888 173
1772029940180 0.9474 174
1772029960599 0.93506 175
1772029981252 0.93903 176
1772030001872 0.94593 177
1772030022259 0.93497 178
1772030043052 0.93483 179
1772030063586 0.93531 180
1772030084273 0.94204 181
1772030105070 0.93586 182
1772030125567 0.94145 183
1772030146207 0.9312 184
1772030167341 0.93331 185
1772030188381 0.93886 186
1772030209470 0.92345 187
1772030230548 0.92642 188
1772030251619 0.93041 189
1772030273403 1.24843 190
1772030294504 1.19708 191
1772030315296 1.16977 192
1772030335816 1.17956 193
1772030356268 1.16709 194
1772030376709 1.16088 195
1772030397272 1.16209 196
1772030417888 1.15873 197
1772030438483 1.16739 198
1772030458976 1.14645 199
