1771768341803 1.40178 0
1771768363949 1.5973 1
1771768385426 1.70107 2
1771768406886 1.70787 3
1771768428228 1.68377 4
1771768449539 1.6321 5
1771768471234 1.61565 6
1771768492599 1.60909 7
1771768514062 1.57848 8
1771768535723 1.55336 9
1771768557265 1.53949 10
1771768578559 1.5315 11
1771768599881 1.49756 12
1771768621203 1.49713 13
1771768642671 1.47764 14
1771768664016 1.46677 15
1771768685676 1.46374 16
1771768707704 1.44959 17
1771768729112 1.40474 18
1771768750373 1.43483 19
1771768771738 1.40892 20
1771768793092 1.40803 21
1771768814409 1.38702 22
1771768835774 1.39366 23
1771768857039 1.39252 24
1771768878296 1.37388 25
1771768899640 1.36958 26
1771768920874 1.35629 27
1771768942457 1.35732 28
1771768963682 1.32871 29
1771768984912 1.33872 30
1771769006175 1.31761 31
1771769027383 1.32225 32
1771769048613 1.29823 33
1771769069851 1.30668 34
1771769091143 1.30162 35
1771769112390 1.30603 36
1771769133581 1.29221 37
1771769154943 1.2875 38
1771769176195 1.27024 39
1771769197438 1.28853 40
1771769218618 1.25643 41
1771769239828 1.26499 42
1771769261021 1.24082 43
1771769282247 1.24028 44
1771769303474 1.24027 45
1771769324651 1.22872 46
1771769345872 1.21023 47
1771769367123 1.22261 48
1771769388333 1.21619 49
1771769409561 1.21817 50
1771769430745 1.19889 51
1771769452005 1.19561 52
1771769473240 1.18036 53
1771769494388 1.17925 54
1771769515717 1.2026 55
1771769536986 1.18192 56
1771769558184 1.16216 57
1771769579382 1.1585 58
1771769600569 1.13381 59
1771769621764 1.15017 60
1771769642973 1.15536 61
1771769664183 1.13904 62
1771769685338 1.12534 63
1771769706566 1.12381 64
1771769727760 1.11188 65
1771769748955 1.12429 66
1771769770172 1.10977 67
1771769791377 1.10782 68
1771769812638 1.0872 69
1771769833886 1.08031 70
1771769854811 1.07124 71
1771769875681 1.05503 72
1771769896510 1.03862 73
1771769917369 1.03452 74
1771769938214 1.02013 75
1771769959056 1.0267 76
1771769979924 1.00763 77
1771770000778 1.00709 78
1771770021627 0.99747 79
