1771768341803 2.1606 0
1771768363949 1.83665 1
1771768385426 1.88617 2
1771768406886 1.86792 3
1771768428228 1.79162 4
1771768449539 1.72989 5
1771768471234 1.70602 6
1771768492599 1.68034 7
1771768514062 1.61961 8
1771768535723 1.60296 9
1771768557265 1.57812 10
1771768578559 1.55177 11
1771768599881 1.50412 12
1771768621203 1.50118 13
1771768642671 1.46894 14
1771768664016 1.45288 15
1771768685676 1.44857 16
1771768707704 1.4274 17
1771768729112 1.38062 18
1771768750373 1.41918 19
1771768771738 1.37634 20
1771768793092 1.35863 21
1771768814409 1.3452 22
1771768835774 1.34917 23
1771768857039 1.31292 24
1771768878296 1.33343 25
1771768899640 1.29942 26
1771768920874 1.29096 27
1771768942457 1.28911 28
1771768963682 1.2368 29
1771768984912 1.25739 30
1771769006175 1.22309 31
1771769027383 1.21338 32
1771769048613 1.20574 33
1771769069851 1.19885 34
1771769091143 1.17563 35
1771769112390 1.2058 36
1771769133581 1.1837 37
1771769154943 1.17153 38
1771769176195 1.14015 39
1771769197438 1.16793 40
1771769218618 1.12752 41
1771769239828 1.12251 42
1771769261021 1.11776 43
1771769282247 1.11231 44
1771769303474 1.10503 45
1771769324651 1.08009 46
1771769345872 1.0782 47
1771769367123 1.06749 48
1771769388333 1.07157 49
1771769409561 1.07698 50
1771769430745 1.03692 51
1771769452005 1.02564 52
1771769473240 1.01764 53
1771769494388 1.02251 54
1771769515717 1.04159 55
1771769536986 1.00834 56
1771769558184 0.99664 57
1771769579382 0.97655 58
1771769600569 0.96959 59
1771769621764 0.96587 60
1771769642973 0.97362 61
1771769664183 0.96644 62
1771769685338 0.94642 63
1771769706566 0.94295 64
1771769727760 0.93193 65
1771769748955 0.94654 66
1771769770172 0.92416 67
1771769791377 0.92042 68
1771769812638 0.89471 69
1771769833886 0.86181 70
1771769854811 0.82648 71
1771769875681 0.80399 72
1771769896510 0.79705 73
1771769917369 0.78113 74
1771769938214 0.77433 75
1771769959056 0.77619 76
1771769979924 0.76524 77
1771770000778 0.76066 78
1771770021627 0.75205 79
