1771768341803 1.31311 0
1771768363949 1.45577 1
1771768385426 1.5595 2
1771768406886 1.56014 3
1771768428228 1.55742 4
1771768449539 1.53101 5
1771768471234 1.50904 6
1771768492599 1.49933 7
1771768514062 1.47652 8
1771768535723 1.47134 9
1771768557265 1.46319 10
1771768578559 1.44773 11
1771768599881 1.42234 12
1771768621203 1.42019 13
1771768642671 1.40137 14
1771768664016 1.41608 15
1771768685676 1.40981 16
1771768707704 1.40511 17
1771768729112 1.3744 18
1771768750373 1.39102 19
1771768771738 1.36989 20
1771768793092 1.36166 21
1771768814409 1.35928 22
1771768835774 1.35094 23
1771768857039 1.34578 24
1771768878296 1.35837 25
1771768899640 1.33572 26
1771768920874 1.33822 27
1771768942457 1.33063 28
1771768963682 1.30179 29
1771768984912 1.32112 30
1771769006175 1.30273 31
1771769027383 1.29917 32
1771769048613 1.303 33
1771769069851 1.30541 34
1771769091143 1.28226 35
1771769112390 1.29108 36
1771769133581 1.27966 37
1771769154943 1.2859 38
1771769176195 1.26459 39
1771769197438 1.28068 40
1771769218618 1.27498 41
1771769239828 1.26456 42
1771769261021 1.25682 43
1771769282247 1.24452 44
1771769303474 1.2509 45
1771769324651 1.2412 46
1771769345872 1.23715 47
1771769367123 1.23367 48
1771769388333 1.23338 49
1771769409561 1.24119 50
1771769430745 1.21799 51
1771769452005 1.2175 52
1771769473240 1.21879 53
1771769494388 1.20586 54
1771769515717 1.22625 55
1771769536986 1.21034 56
1771769558184 1.20045 57
1771769579382 1.19857 58
1771769600569 1.1884 59
1771769621764 1.18352 60
1771769642973 1.19206 61
1771769664183 1.18383 62
1771769685338 1.18304 63
1771769706566 1.16967 64
1771769727760 1.16735 65
1771769748955 1.1752 66
1771769770172 1.17155 67
1771769791377 1.16659 68
1771769812638 1.15891 69
1771769833886 1.13394 70
1771769854811 1.1256 71
1771769875681 1.12056 72
1771769896510 1.11962 73
1771769917369 1.1011 74
1771769938214 1.10271 75
1771769959056 1.10667 76
1771769979924 1.08664 77
1771770000778 1.08502 78
1771770021627 1.08925 79
