1771766548557 0.16481 0
1771766570007 0.14049 1
1771766593075 0.1311 2
1771766614711 0.16019 3
1771766636531 0.1404 4
1771766658665 0.1693 5
1771766680852 0.18742 6
1771766703056 0.20155 7
1771766724915 0.1444 8
1771766746838 0.19886 9
1771766768720 0.20615 10
1771766790734 0.21979 11
1771766813875 0.21789 12
1771766835834 0.21655 13
1771766858368 0.24066 14
1771766880712 0.22328 15
1771766902666 0.23692 16
1771766924843 0.24698 17
1771766947032 0.25367 18
1771766969369 0.23968 19
1771766991640 0.25524 20
1771767013748 0.25572 21
1771767035888 0.25699 22
1771767058321 0.25692 23
1771767080516 0.2553 24
1771767103251 0.27075 25
1771767125459 0.25135 26
1771767147882 0.25826 27
1771767170002 0.27832 28
1771767192104 0.26714 29
1771767214366 0.2698 30
1771767236576 0.28775 31
1771767258867 0.28788 32
1771767281139 0.28532 33
1771767303352 0.28839 34
1771767325479 0.28179 35
1771767348241 0.29313 36
1771767371087 0.28549 37
1771767395136 0.29531 38
1771767426995 0.30248 39
1771767456644 0.28865 40
1771767478957 0.29319 41
1771767501193 0.28819 42
1771767524176 0.28944 43
1771767546703 0.2997 44
1771767568781 0.29984 45
1771767590838 0.30303 46
1771767612979 0.3077 47
1771767635142 0.30682 48
1771767657350 0.30392 49
1771767679334 0.30496 50
1771767701265 0.30429 51
1771767723255 0.30173 52
1771767745198 0.3012 53
1771767767076 0.30813 54
1771767789166 0.31168 55
1771767811242 0.31046 56
1771767833361 0.31488 57
1771767855555 0.32263 58
1771767877588 0.32181 59
1771767899590 0.32102 60
1771767921577 0.32229 61
1771767943555 0.32536 62
1771767965482 0.32735 63
1771767987307 0.32309 64
1771768008898 0.3231 65
1771768030347 0.32539 66
1771768052110 0.32662 67
1771768074290 0.32821 68
1771768096370 0.32898 69
1771768118637 0.32161 70
1771768140349 0.32307 71
1771768162013 0.32377 72
1771768183757 0.32499 73
1771768205349 0.32405 74
1771768226491 0.32393 75
1771768247490 0.32344 76
1771768268437 0.32555 77
1771768289456 0.32961 78
1771768310401 0.32787 79
1771768315282 0.32939375482676286 79
