1771766548557 0.29276 0
1771766570007 0.28937 1
1771766593075 0.27458 2
1771766614711 0.33587 3
1771766636531 0.29796 4
1771766658665 0.33309 5
1771766680852 0.36549 6
1771766703056 0.38298 7
1771766724915 0.29266 8
1771766746838 0.38063 9
1771766768720 0.38713 10
1771766790734 0.39988 11
1771766813875 0.41363 12
1771766835834 0.41068 13
1771766858368 0.42799 14
1771766880712 0.40353 15
1771766902666 0.43099 16
1771766924843 0.45648 17
1771766947032 0.44604 18
1771766969369 0.44107 19
1771766991640 0.45415 20
1771767013748 0.467 21
1771767035888 0.45936 22
1771767058321 0.45354 23
1771767080516 0.45889 24
1771767103251 0.47179 25
1771767125459 0.44194 26
1771767147882 0.4558 27
1771767170002 0.48694 28
1771767192104 0.47062 29
1771767214366 0.47095 30
1771767236576 0.50236 31
1771767258867 0.49584 32
1771767281139 0.49605 33
1771767303352 0.49438 34
1771767325479 0.4908 35
1771767348241 0.50434 36
1771767371087 0.49144 37
1771767395136 0.51409 38
1771767426995 0.5204 39
1771767456644 0.50352 40
1771767478957 0.51564 41
1771767501193 0.50452 42
1771767524176 0.50255 43
1771767546703 0.52015 44
1771767568781 0.51726 45
1771767590838 0.52679 46
1771767612979 0.53088 47
1771767635142 0.51973 48
1771767657350 0.52512 49
1771767679334 0.52073 50
1771767701265 0.52432 51
1771767723255 0.51484 52
1771767745198 0.51673 53
1771767767076 0.52517 54
1771767789166 0.52664 55
1771767811242 0.53039 56
1771767833361 0.52962 57
1771767855555 0.53725 58
1771767877588 0.54744 59
1771767899590 0.54475 60
1771767921577 0.53683 61
1771767943555 0.54456 62
1771767965482 0.54716 63
1771767987307 0.54248 64
1771768008898 0.5507 65
1771768030347 0.55552 66
1771768052110 0.5535 67
1771768074290 0.55218 68
1771768096370 0.54997 69
1771768118637 0.54178 70
1771768140349 0.54461 71
1771768162013 0.54619 72
1771768183757 0.55017 73
1771768205349 0.54553 74
1771768226491 0.54455 75
1771768247490 0.54303 76
1771768268437 0.54281 77
1771768289456 0.5481 78
1771768310401 0.54408 79
1771768315282 0.5486745928724652 79
