1771766548557 0.59325 0
1771766570007 0.52712 1
1771766593075 0.51571 2
1771766614711 0.46124 3
1771766636531 0.44564 4
1771766658665 0.44917 5
1771766680852 0.46352 6
1771766703056 0.52177 7
1771766724915 0.52879 8
1771766746838 0.48421 9
1771766768720 0.49987 10
1771766790734 0.54846 11
1771766813875 0.55918 12
1771766835834 0.54297 13
1771766858368 0.55358 14
1771766880712 0.50868 15
1771766902666 0.56816 16
1771766924843 0.60299 17
1771766947032 0.57919 18
1771766969369 0.5982 19
1771766991640 0.60577 20
1771767013748 0.58044 21
1771767035888 0.58203 22
1771767058321 0.58701 23
1771767080516 0.60634 24
1771767103251 0.67629 25
1771767125459 0.51535 26
1771767147882 0.52581 27
1771767170002 0.60321 28
1771767192104 0.65109 29
1771767214366 0.57998 30
1771767236576 0.63875 31
1771767258867 0.62142 32
1771767281139 0.64618 33
1771767303352 0.63392 34
1771767325479 0.65262 35
1771767348241 0.61517 36
1771767371087 0.63936 37
1771767395136 0.64892 38
1771767426995 0.63145 39
1771767456644 0.64685 40
1771767478957 0.68327 41
1771767501193 0.67807 42
1771767524176 0.62108 43
1771767546703 0.62905 44
1771767568781 0.65364 45
1771767590838 0.67489 46
1771767612979 0.67735 47
1771767635142 0.6946 48
1771767657350 0.65735 49
1771767679334 0.66176 50
1771767701265 0.63754 51
1771767723255 0.63507 52
1771767745198 0.65432 53
1771767767076 0.66675 54
1771767789166 0.62283 55
1771767811242 0.66912 56
1771767833361 0.6793 57
1771767855555 0.662 58
1771767877588 0.65255 59
1771767899590 0.6221 60
1771767921577 0.67297 61
1771767943555 0.6779 62
1771767965482 0.68123 63
1771767987307 0.69064 64
1771768008898 0.70805 65
1771768030347 0.67098 66
1771768052110 0.68986 67
1771768074290 0.70723 68
1771768096370 0.67907 69
1771768118637 0.65903 70
1771768140349 0.68882 71
1771768162013 0.64193 72
1771768183757 0.63717 73
1771768205349 0.66108 74
1771768226491 0.64212 75
1771768247490 0.6479 76
1771768268437 0.64532 77
1771768289456 0.65029 78
1771768310401 0.64811 79
1771768315282 0.6504428963915914 79
