1771766548557 0.24706 0
1771766570007 0.27867 1
1771766593075 0.26693 2
1771766614711 0.3502 3
1771766636531 0.30474 4
1771766658665 0.34477 5
1771766680852 0.37187 6
1771766703056 0.36594 7
1771766724915 0.26067 8
1771766746838 0.39546 9
1771766768720 0.37795 10
1771766790734 0.38572 11
1771766813875 0.36915 12
1771766835834 0.3848 13
1771766858368 0.42031 14
1771766880712 0.398 15
1771766902666 0.39494 16
1771766924843 0.41191 17
1771766947032 0.40558 18
1771766969369 0.40836 19
1771766991640 0.41324 20
1771767013748 0.45023 21
1771767035888 0.43407 22
1771767058321 0.42599 23
1771767080516 0.41807 24
1771767103251 0.38718 25
1771767125459 0.44587 26
1771767147882 0.45283 27
1771767170002 0.44412 28
1771767192104 0.40178 29
1771767214366 0.44212 30
1771767236576 0.45051 31
1771767258867 0.45361 32
1771767281139 0.44237 33
1771767303352 0.4514 34
1771767325479 0.44549 35
1771767348241 0.46756 36
1771767371087 0.45759 37
1771767395136 0.45947 38
1771767426995 0.4813 39
1771767456644 0.44697 40
1771767478957 0.45677 41
1771767501193 0.44023 42
1771767524176 0.47035 43
1771767546703 0.48703 44
1771767568781 0.45261 45
1771767590838 0.46511 46
1771767612979 0.46438 47
1771767635142 0.45187 48
1771767657350 0.47366 49
1771767679334 0.46513 50
1771767701265 0.48032 51
1771767723255 0.46638 52
1771767745198 0.46972 53
1771767767076 0.46608 54
1771767789166 0.49265 55
1771767811242 0.47287 56
1771767833361 0.47892 57
1771767855555 0.49948 58
1771767877588 0.51386 59
1771767899590 0.51001 60
1771767921577 0.47366 61
1771767943555 0.49382 62
1771767965482 0.48699 63
1771767987307 0.48743 64
1771768008898 0.48521 65
1771768030347 0.51513 66
1771768052110 0.50318 67
1771768074290 0.4917 68
1771768096370 0.49256 69
1771768118637 0.5085 70
1771768140349 0.48452 71
1771768162013 0.51246 72
1771768183757 0.52367 73
1771768205349 0.50403 74
1771768226491 0.50874 75
1771768247490 0.50002 76
1771768268437 0.51445 77
1771768289456 0.50661 78
1771768310401 0.50586 79
1771768315282 0.5080781155687524 79
