1771770055562 0.1907 0
1771770077689 0.18186 1
1771770099117 0.14657 2
1771770120381 0.18536 3
1771770141986 0.22239 4
1771770163269 0.19324 5
1771770184499 0.24724 6
1771770205729 0.23319 7
1771770227034 0.23191 8
1771770248307 0.22784 9
1771770269545 0.27987 10
1771770290795 0.28705 11
1771770312047 0.28243 12
1771770333283 0.3007 13
1771770354469 0.30584 14
1771770375657 0.28646 15
1771770396962 0.3093 16
1771770418193 0.30832 17
1771770439358 0.29836 18
1771770460582 0.31517 19
1771770481827 0.34475 20
1771770503010 0.32311 21
1771770524339 0.33 22
1771770545521 0.34197 23
1771770566722 0.34974 24
1771770587961 0.33464 25
1771770609203 0.3531 26
1771770630392 0.35521 27
1771770651666 0.36006 28
1771770672831 0.36856 29
1771770694058 0.35592 30
1771770715372 0.36416 31
1771770736642 0.3487 32
1771770757871 0.35844 33
1771770779063 0.36097 34
1771770800256 0.35536 35
1771770821476 0.36582 36
1771770842672 0.36532 37
1771770863898 0.38191 38
1771770885170 0.38071 39
1771770906360 0.36283 40
1771770927692 0.39854 41
1771770949123 0.39013 42
1771770970249 0.38042 43
1771770991489 0.38317 44
1771771012618 0.36857 45
1771771033839 0.38739 46
1771771055025 0.39302 47
1771771076185 0.39343 48
1771771097353 0.38633 49
1771771118570 0.40422 50
1771771139762 0.38455 51
1771771160970 0.39536 52
1771771182236 0.39718 53
1771771203375 0.40273 54
1771771224551 0.3875 55
1771771245731 0.40743 56
1771771266923 0.39916 57
1771771288091 0.39277 58
1771771309245 0.4002 59
1771771330447 0.4037 60
1771771351633 0.40355 61
1771771372791 0.39313 62
1771771393984 0.4111 63
1771771415239 0.40851 64
1771771436407 0.41176 65
1771771457579 0.40907 66
1771771478719 0.40993 67
1771771499883 0.39593 68
1771771521024 0.40648 69
1771771542247 0.41133 70
1771771563125 0.40559 71
1771771583945 0.41395 72
1771771604776 0.40886 73
1771771625610 0.40101 74
1771771646439 0.40639 75
1771771667280 0.40797 76
1771771688123 0.40991 77
1771771708990 0.41599 78
1771771729815 0.40914 79
1771771733763 0.41577688785237676 79
