1771770055562 0.08943 0
1771770077689 0.08171 1
1771770099117 0.06303 2
1771770120381 0.08116 3
1771770141986 0.10163 4
1771770163269 0.08807 5
1771770184499 0.1154 6
1771770205729 0.11112 7
1771770227034 0.11538 8
1771770248307 0.10309 9
1771770269545 0.1336 10
1771770290795 0.13841 11
1771770312047 0.13885 12
1771770333283 0.14434 13
1771770354469 0.15387 14
1771770375657 0.14815 15
1771770396962 0.15894 16
1771770418193 0.15948 17
1771770439358 0.15813 18
1771770460582 0.16149 19
1771770481827 0.17923 20
1771770503010 0.16875 21
1771770524339 0.16838 22
1771770545521 0.17435 23
1771770566722 0.17701 24
1771770587961 0.17232 25
1771770609203 0.17926 26
1771770630392 0.18233 27
1771770651666 0.18583 28
1771770672831 0.19146 29
1771770694058 0.18892 30
1771770715372 0.18849 31
1771770736642 0.18067 32
1771770757871 0.1867 33
1771770779063 0.18822 34
1771770800256 0.17787 35
1771770821476 0.18889 36
1771770842672 0.19175 37
1771770863898 0.20406 38
1771770885170 0.20603 39
1771770906360 0.1886 40
1771770927692 0.20845 41
1771770949123 0.20447 42
1771770970249 0.20124 43
1771770991489 0.20089 44
1771771012618 0.19645 45
1771771033839 0.21049 46
1771771055025 0.21247 47
1771771076185 0.20902 48
1771771097353 0.20809 49
1771771118570 0.2149 50
1771771139762 0.21119 51
1771771160970 0.21761 52
1771771182236 0.21067 53
1771771203375 0.21753 54
1771771224551 0.20811 55
1771771245731 0.21565 56
1771771266923 0.2167 57
1771771288091 0.21775 58
1771771309245 0.2153 59
1771771330447 0.2184 60
1771771351633 0.21724 61
1771771372791 0.21184 62
1771771393984 0.22641 63
1771771415239 0.22159 64
1771771436407 0.22671 65
1771771457579 0.22401 66
1771771478719 0.22298 67
1771771499883 0.21954 68
1771771521024 0.22301 69
1771771542247 0.22222 70
1771771563125 0.21795 71
1771771583945 0.22531 72
1771771604776 0.22344 73
1771771625610 0.22018 74
1771771646439 0.22235 75
1771771667280 0.22253 76
1771771688123 0.22387 77
1771771708990 0.22752 78
1771771729815 0.2262 79
1771771733763 0.22734839232580756 79
