1771770055562 0.45943 0
1771770077689 0.35446 1
1771770099117 0.29015 2
1771770120381 0.29215 3
1771770141986 0.33066 4
1771770163269 0.30241 5
1771770184499 0.42701 6
1771770205729 0.3348 7
1771770227034 0.36467 8
1771770248307 0.36964 9
1771770269545 0.41574 10
1771770290795 0.44733 11
1771770312047 0.43523 12
1771770333283 0.44348 13
1771770354469 0.50916 14
1771770375657 0.44737 15
1771770396962 0.51573 16
1771770418193 0.46611 17
1771770439358 0.45788 18
1771770460582 0.43758 19
1771770481827 0.53794 20
1771770503010 0.47943 21
1771770524339 0.4409 22
1771770545521 0.53765 23
1771770566722 0.50507 24
1771770587961 0.50825 25
1771770609203 0.50348 26
1771770630392 0.48229 27
1771770651666 0.55668 28
1771770672831 0.54655 29
1771770694058 0.49988 30
1771770715372 0.49637 31
1771770736642 0.52434 32
1771770757871 0.5483 33
1771770779063 0.49592 34
1771770800256 0.5116 35
1771770821476 0.51126 36
1771770842672 0.53838 37
1771770863898 0.6057 38
1771770885170 0.5463 39
1771770906360 0.54643 40
1771770927692 0.50166 41
1771770949123 0.55627 42
1771770970249 0.54302 43
1771770991489 0.55575 44
1771771012618 0.56485 45
1771771033839 0.53757 46
1771771055025 0.5348 47
1771771076185 0.56444 48
1771771097353 0.53019 49
1771771118570 0.55543 50
1771771139762 0.5402 51
1771771160970 0.60649 52
1771771182236 0.59365 53
1771771203375 0.59829 54
1771771224551 0.52259 55
1771771245731 0.57995 56
1771771266923 0.53177 57
1771771288091 0.5253 58
1771771309245 0.55529 59
1771771330447 0.57155 60
1771771351633 0.60164 61
1771771372791 0.57129 62
1771771393984 0.60964 63
1771771415239 0.57934 64
1771771436407 0.6343 65
1771771457579 0.56699 66
1771771478719 0.55401 67
1771771499883 0.52092 68
1771771521024 0.60339 69
1771771542247 0.58846 70
1771771563125 0.56976 71
1771771583945 0.5833 72
1771771604776 0.57371 73
1771771625610 0.53176 74
1771771646439 0.53921 75
1771771667280 0.53723 76
1771771688123 0.58044 77
1771771708990 0.56419 78
1771771729815 0.55204 79
1771771733763 0.5626939058103879 79
