1771770055562 0.16746 0
1771770077689 0.20073 1
1771770099117 0.19333 2
1771770120381 0.22855 3
1771770141986 0.25612 4
1771770163269 0.23971 5
1771770184499 0.25053 6
1771770205729 0.27647 7
1771770227034 0.25535 8
1771770248307 0.25732 9
1771770269545 0.29228 10
1771770290795 0.29942 11
1771770312047 0.28174 12
1771770333283 0.31088 13
1771770354469 0.28922 14
1771770375657 0.29499 15
1771770396962 0.28966 16
1771770418193 0.31435 17
1771770439358 0.3067 18
1771770460582 0.32755 19
1771770481827 0.32644 20
1771770503010 0.31232 21
1771770524339 0.3424 22
1771770545521 0.32894 23
1771770566722 0.32376 24
1771770587961 0.31159 25
1771770609203 0.33375 26
1771770630392 0.35505 27
1771770651666 0.32679 28
1771770672831 0.34969 29
1771770694058 0.33013 30
1771770715372 0.37222 31
1771770736642 0.34563 32
1771770757871 0.33772 33
1771770779063 0.35303 34
1771770800256 0.33787 35
1771770821476 0.35228 36
1771770842672 0.35893 37
1771770863898 0.33669 38
1771770885170 0.36404 39
1771770906360 0.34512 40
1771770927692 0.39896 41
1771770949123 0.37977 42
1771770970249 0.36566 43
1771770991489 0.36541 44
1771771012618 0.34975 45
1771771033839 0.37186 46
1771771055025 0.37601 47
1771771076185 0.36531 48
1771771097353 0.38283 49
1771771118570 0.38519 50
1771771139762 0.36588 51
1771771160970 0.35592 52
1771771182236 0.36578 53
1771771203375 0.37448 54
1771771224551 0.38177 55
1771771245731 0.37998 56
1771771266923 0.39213 57
1771771288091 0.37774 58
1771771309245 0.38946 59
1771771330447 0.38131 60
1771771351633 0.36395 61
1771771372791 0.35821 62
1771771393984 0.37267 63
1771771415239 0.37933 64
1771771436407 0.3682 65
1771771457579 0.388 66
1771771478719 0.40771 67
1771771499883 0.38811 68
1771771521024 0.37363 69
1771771542247 0.38895 70
1771771563125 0.38206 71
1771771583945 0.39557 72
1771771604776 0.38536 73
1771771625610 0.38943 74
1771771646439 0.39486 75
1771771667280 0.40762 76
1771771688123 0.38719 77
1771771708990 0.40596 78
1771771729815 0.40144 79
1771771733763 0.4072305522523999 79
