1771667486634 0.03301 0
1771667487676 0.04122 1
1771667488370 0.03999 2
1771667489108 0.05302 3
1771667489835 0.12276 4
1771667490612 0.24527 5
1771667491276 0.28174 6
1771667491959 0.41303 7
1771667492650 0.37876 8
1771667493286 0.45996 9
1771667493918 0.41528 10
1771667494543 0.43766 11
1771667495203 0.41113 12
1771667495867 0.50142 13
1771667496542 0.43005 14
1771667497174 0.48442 15
1771667497812 0.49869 16
1771667498447 0.49738 17
1771667499119 0.4886 18
1771667499866 0.48423 19
1771667500541 0.47513 20
1771667501235 0.48869 21
1771667501927 0.5343 22
1771667502615 0.55927 23
1771667503290 0.52754 24
1771667503969 0.49476 25
1771667504636 0.48341 26
1771667505308 0.47868 27
1771667505980 0.46993 28
1771667506938 0.45353 29
1771667507641 0.46582 30
1771667508330 0.50604 31
1771667509038 0.54814 32
1771667509751 0.54219 33
1771667510429 0.54152 34
1771667511059 0.54975 35
1771667511720 0.51428 36
1771667512344 0.53256 37
1771667512970 0.52991 38
1771667513699 0.55114 39
1771667514340 0.53156 40
1771667514966 0.52103 41
1771667515613 0.51355 42
1771667516240 0.49121 43
1771667518007 0.5609206511848368 43
