1771667486634 0.09146 0
1771667487676 0.12089 1
1771667488370 0.09614 2
1771667489108 0.1404 3
1771667489835 0.26566 4
1771667490612 0.7118 5
1771667491276 0.64791 6
1771667491959 0.86704 7
1771667492650 0.78883 8
1771667493286 0.85868 9
1771667493918 0.81917 10
1771667494543 0.83385 11
1771667495203 0.78497 12
1771667495867 0.89064 13
1771667496542 0.83798 14
1771667497174 0.91721 15
1771667497812 0.91362 16
1771667498447 0.91757 17
1771667499119 0.90713 18
1771667499866 0.86282 19
1771667500541 0.84452 20
1771667501235 0.90394 21
1771667501927 0.92896 22
1771667502615 0.93562 23
1771667503290 0.9106 24
1771667503969 0.87002 25
1771667504636 0.89206 26
1771667505308 0.87556 27
1771667505980 0.87772 28
1771667506938 0.87654 29
1771667507641 0.90825 30
1771667508330 0.92524 31
1771667509038 0.93465 32
1771667509751 0.92669 33
1771667510429 0.91862 34
1771667511059 0.91424 35
1771667511720 0.91901 36
1771667512344 0.90975 37
1771667512970 0.92354 38
1771667513699 0.93803 39
1771667514340 0.91271 40
1771667514966 0.9322 41
1771667515613 0.93559 42
1771667516240 0.88743 43
1771667518007 0.9359577708793858 43
