1771667486634 0.02707 0
1771667487676 0.03404 1
1771667488370 0.03095 2
1771667489108 0.02484 3
1771667489835 0.0163 4
1771667490612 1.0 5
1771667491276 1.0 6
1771667491959 0.95604 7
1771667492650 0.82856 8
1771667493286 0.90968 9
1771667493918 0.76308 10
1771667494543 0.87194 11
1771667495203 0.66681 12
1771667495867 0.92812 13
1771667496542 0.74532 14
1771667497174 0.93543 15
1771667497812 0.88585 16
1771667498447 0.84438 17
1771667499119 0.91687 18
1771667499866 0.79767 19
1771667500541 0.80408 20
1771667501235 0.94661 21
1771667501927 0.89881 22
1771667502615 0.98153 23
1771667503290 0.88922 24
1771667503969 0.86107 25
1771667504636 0.85402 26
1771667505308 0.80788 27
1771667505980 0.87345 28
1771667506938 0.9106 29
1771667507641 0.83797 30
1771667508330 0.88415 31
1771667509038 0.91738 32
1771667509751 0.88016 33
1771667510429 0.91658 34
1771667511059 0.85757 35
1771667511720 0.85853 36
1771667512344 0.95522 37
1771667512970 0.94987 38
1771667513699 0.9768 39
1771667514340 0.93245 40
1771667514966 0.9554 41
1771667515613 0.93041 42
1771667516240 0.83577 43
1771667518007 0.9821266437097954 43
