1771667486634 0.73077 0
1771667487676 0.92308 1
1771667488370 0.92308 2
1771667489108 0.96154 3
1771667489835 0.94231 4
1771667490612 0.20506 5
1771667491276 0.16276 6
1771667491959 0.63462 7
1771667492650 0.74365 8
1771667493286 0.77482 9
1771667493918 0.75 10
1771667494543 0.78566 11
1771667495203 0.76973 12
1771667495867 0.74501 13
1771667496542 0.84615 14
1771667497174 0.83596 15
1771667497812 0.86538 16
1771667498447 0.94231 17
1771667499119 0.84845 18
1771667499866 0.83404 19
1771667500541 0.78929 20
1771667501235 0.76923 21
1771667501927 0.85421 22
1771667502615 0.84615 23
1771667503290 0.84615 24
1771667503969 0.86538 25
1771667504636 0.84615 26
1771667505308 0.80866 27
1771667505980 0.78846 28
1771667506938 0.76923 29
1771667507641 0.80769 30
1771667508330 0.84615 31
1771667509038 0.84615 32
1771667509751 0.84749 33
1771667510429 0.84526 34
1771667511059 0.84615 35
1771667511720 0.88462 36
1771667512344 0.82051 37
1771667512970 0.82692 38
1771667513699 0.80965 39
1771667514340 0.84615 40
1771667514966 0.82398 41
1771667515613 0.84615 42
1771667516240 0.78299 43
1771667518007 0.8461538461538461 43
