1771942309917 0.0005489718875502009 0
1771942331110 0.0010937026325301205 1
1771942351402 0.0016274311775100402 2
1771942371697 0.0016174900999999999 3
1771942391319 0.0016009868 4
1771942410805 0.0015844835000000002 5
1771942430253 0.0015679802000000001 6
1771942449779 0.0015514769 7
1771942469226 0.0015349736000000002 8
1771942488657 0.0015184703000000002 9
1771942508265 0.001501967 10
1771942527723 0.0014854637 11
1771942547219 0.0014689604 12
1771942566769 0.0014524571 13
1771942586194 0.0014359538 14
1771942605734 0.0014194505000000002 15
1771942625151 0.0014029472000000002 16
1771942644869 0.0013864439 17
1771942664452 0.0013699406000000003 18
1771942683901 0.0013534373000000002 19
1771942703377 0.0013369340000000001 20
1771942722951 0.0013204307 21
1771942742484 0.0013039274 22
1771942761919 0.0012874241 23
1771942781339 0.0012709208 24
1771942801028 0.0012544175 25
1771942820494 0.0012379142000000002 26
1771942840213 0.0012214109000000001 27
1771942859723 0.0012049076 28
1771942879287 0.0011884043 29
1771942898738 0.001171901 30
1771942918275 0.0011553976999999999 31
1771942937778 0.0011388944 32
1771942957305 0.0011223911 33
1771942976864 0.0011058878 34
1771942996426 0.0010893845 35
1771943015928 0.0010728812000000002 36
1771943035535 0.0010563779000000001 37
1771943055361 0.0010398746 38
1771943075380 0.0010233713 39
1771943094934 0.001006868 40
1771943114440 0.0009903647000000001 41
1771943134095 0.0009738614000000002 42
1771943153741 0.0009573581000000001 43
1771943173498 0.0009408548 44
1771943193433 0.0009243515000000001 45
1771943213695 0.0009078482000000002 46
1771943233987 0.0008913449000000002 47
1771943254227 0.0008748416000000001 48
1771943274781 0.0008583383 49
1771943295250 0.0008418350000000001 50
1771943315582 0.0008253317 51
1771943335766 0.0008088284 52
1771943356019 0.0007923251 53
1771943376374 0.0007758218 54
1771943396651 0.0007593185 55
1771943417067 0.0007428151999999999 56
1771943437643 0.0007263119000000001 57
1771943458114 0.0007098086000000001 58
1771943478564 0.0006933053000000001 59
1771943498676 0.0006768020000000001 60
1771943518806 0.0006602987 61
1771943538948 0.0006437954 62
1771943559236 0.0006272921 63
1771943579458 0.0006107888000000001 64
1771943599425 0.0005942855 65
1771943619512 0.0005777822 66
1771943639693 0.0005612788999999999 67
1771943660247 0.0005447756 68
1771943680730 0.0005282723000000001 69
1771943701254 0.0005117690000000001 70
1771943721464 0.0004952657000000001 71
1771943741691 0.00047876240000000006 72
1771943762004 0.0004622591000000001 73
1771943782286 0.00044575580000000005 74
1771943802580 0.00042925250000000004 75
1771943822831 0.0004127492 76
1771943843043 0.0003962459 77
1771943863435 0.00037974259999999996 78
1771943883802 0.0003632393 79
1771943904230 0.00034673599999999994 80
1771943924789 0.00033023269999999993 81
1771943945164 0.00031372940000000014 82
1771943965405 0.0002972261000000001 83
1771943985671 0.00028072280000000007 84
1771944005951 0.00026421950000000006 85
1771944026504 0.00024771620000000005 86
1771944047002 0.00023121290000000004 87
1771944067301 0.0002147096 88
1771944087585 0.00019820629999999997 89
1771944108085 0.00018170299999999996 90
1771944128366 0.00016519969999999996 91
1771944148460 0.00014869639999999995 92
1771944168583 0.0001321930999999999 93
1771944188642 0.00011568980000000008 94
1771944208714 9.918650000000008e-05 95
1771944228850 8.268320000000008e-05 96
1771944249049 6.617990000000005e-05 97
1771944269141 4.967660000000004e-05 98
1771944289323 3.3173300000000017e-05 99
