1771667883716 2.13477 0
1771667884771 1.69986 1
1771667885436 1.5715 2
1771667886123 1.50666 3
1771667886808 1.56197 4
1771667887465 1.52109 5
1771667888112 1.56944 6
1771667888786 1.49629 7
1771667889464 1.4847 8
1771667890178 1.41047 9
1771667890859 1.44933 10
1771667891511 1.41342 11
1771667892162 1.31662 12
1771667892826 1.40058 13
1771667893469 1.3652 14
1771667894109 1.38279 15
1771667894755 1.2976 16
1771667895390 1.33108 17
1771667896059 1.2948 18
1771667896698 1.24974 19
1771667897334 1.25528 20
1771667897969 1.29229 21
1771667898608 1.27221 22
1771667899263 1.22907 23
1771667899907 1.24471 24
1771667900550 1.3041 25
1771667901185 1.2127 26
1771667901815 1.27544 27
1771667902455 1.20852 28
1771667903078 1.18734 29
1771667903742 1.13765 30
1771667904377 1.1604 31
1771667905037 1.15587 32
1771667905692 1.16603 33
1771667906743 1.12392 34
1771667907419 1.21665 35
1771667908152 1.1359 36
1771667908802 1.15289 37
1771667909451 1.18556 38
1771667910091 1.09668 39
1771667910731 1.17075 40
1771667911371 1.09194 41
1771667912024 1.07415 42
1771667912739 1.05073 43
1771667913389 1.09434 44
1771667914035 1.11953 45
1771667914672 1.139 46
1771667915370 1.11305 47
1771667916011 1.11447 48
1771667916661 1.11372 49
1771667917292 1.0184 50
1771667917923 1.0576 51
1771667918574 1.05122 52
1771667919208 1.06207 53
