1771667883716 3.35329 0
1771667884771 3.17854 1
1771667885436 2.78759 2
1771667886123 2.4623 3
1771667886808 2.05698 4
1771667887465 1.63891 5
1771667888112 1.3356 6
1771667888786 1.15124 7
1771667889464 1.14521 8
1771667890178 1.04472 9
1771667890859 1.07258 10
1771667891511 1.05318 11
1771667892162 0.96607 12
1771667892826 0.99457 13
1771667893469 0.96344 14
1771667894109 0.99749 15
1771667894755 0.93073 16
1771667895390 0.92629 17
1771667896059 0.8997 18
1771667896698 0.89276 19
1771667897334 0.89769 20
1771667897969 0.89878 21
1771667898608 0.92277 22
1771667899263 0.8752 23
1771667899907 0.8799 24
1771667900550 0.89001 25
1771667901185 0.85708 26
1771667901815 0.86 27
1771667902455 0.824 28
1771667903078 0.81939 29
1771667903742 0.81076 30
1771667904377 0.79915 31
1771667905037 0.79758 32
1771667905692 0.79029 33
1771667906743 0.78254 34
1771667907419 0.83394 35
1771667908152 0.77648 36
1771667908802 0.79169 37
1771667909451 0.80466 38
1771667910091 0.78851 39
1771667910731 0.79681 40
1771667911371 0.7751 41
1771667912024 0.75667 42
1771667912739 0.72248 43
1771667913389 0.73275 44
1771667914035 0.74192 45
1771667914672 0.76623 46
1771667915370 0.76561 47
1771667916011 0.74805 48
1771667916661 0.74922 49
1771667917292 0.70441 50
1771667917923 0.70757 51
1771667918574 0.72666 52
1771667919208 0.73768 53
