1771667883716 1.64101 0
1771667884771 1.35555 1
1771667885436 1.19167 2
1771667886123 1.17206 3
1771667886808 1.159 4
1771667887465 1.18237 5
1771667888112 1.19236 6
1771667888786 1.16019 7
1771667889464 1.15724 8
1771667890178 1.14117 9
1771667890859 1.15443 10
1771667891511 1.14438 11
1771667892162 1.10955 12
1771667892826 1.13149 13
1771667893469 1.12277 14
1771667894109 1.11346 15
1771667894755 1.08628 16
1771667895390 1.10508 17
1771667896059 1.0753 18
1771667896698 1.08192 19
1771667897334 1.07694 20
1771667897969 1.08951 21
1771667898608 1.09766 22
1771667899263 1.06816 23
1771667899907 1.09126 24
1771667900550 1.06463 25
1771667901185 1.05993 26
1771667901815 1.06895 27
1771667902455 1.07039 28
1771667903078 1.0535 29
1771667903742 1.03142 30
1771667904377 1.03007 31
1771667905037 1.03104 32
1771667905692 1.0316 33
1771667906743 1.03809 34
1771667907419 1.05291 35
1771667908152 1.03394 36
1771667908802 1.03004 37
1771667909451 1.04221 38
1771667910091 1.02944 39
1771667910731 1.04601 40
1771667911371 1.02932 41
1771667912024 1.02184 42
1771667912739 1.01057 43
1771667913389 1.01389 44
1771667914035 1.02205 45
1771667914672 1.02655 46
1771667915370 1.02875 47
1771667916011 1.02864 48
1771667916661 1.02859 49
1771667917292 0.99965 50
1771667917923 0.98708 51
1771667918574 1.00352 52
1771667919208 1.0121 53
