1771667769026 0.36695 0
1771667771091 0.77064 1
1771667772836 0.83496 2
1771667774574 0.77967 3
1771667776328 0.72004 4
1771667778105 0.46911 5
1771667779863 0.59304 6
1771667781592 0.33633 7
1771667783309 0.62535 8
1771667785017 0.65489 9
1771667786747 0.77435 10
1771667788470 0.83569 11
1771667790208 0.87452 12
1771667791932 0.84749 13
1771667793663 0.88013 14
1771667795366 0.82889 15
1771667797114 0.91478 16
1771667798833 0.90675 17
1771667800567 0.81086 18
1771667802280 0.76418 19
1771667804003 0.82746 20
1771667805716 0.82351 21
1771667807429 0.90345 22
1771667809144 0.85606 23
1771667810869 0.86183 24
1771667812602 0.92172 25
1771667814323 0.94428 26
1771667816040 0.95103 27
1771667817751 0.97942 28
1771667819501 0.96611 29
1771667821218 0.97152 30
1771667822927 0.96105 31
1771667824649 0.95723 32
1771667826361 0.94126 33
1771667828060 0.95378 34
1771667829796 0.95772 35
1771667831522 0.9547 36
1771667833249 0.96585 37
1771667834993 0.9728 38
1771667836704 0.98233 39
1771667838409 0.9739 40
1771667840123 0.96384 41
1771667841832 0.9625 42
1771667843554 0.96383 43
1771667845267 0.97313 44
1771667846973 0.96555 45
1771667848684 0.96505 46
1771667850398 0.95278 47
1771667852105 0.96823 48
1771667853810 0.97455 49
1771667855520 0.96155 50
1771667857229 0.96261 51
1771667858933 0.95426 52
1771667860641 0.94811 53
1771667862349 0.94034 54
1771667864060 0.96578 55
1771667865761 0.96236 56
1771667867475 0.95007 57
1771667869185 0.95436 58
1771667870892 0.94713 59
1771667872600 0.94666 60
1771667874306 0.95247 61
1771667876012 0.94616 62
1771667877727 0.94636 63
1771667879316 0.9631408180862846 63
