1771667769026 0.15212 0
1771667771091 0.51293 1
1771667772836 0.50534 2
1771667774574 0.50316 3
1771667776328 0.43822 4
1771667778105 0.29764 5
1771667779863 0.3754 6
1771667781592 0.15857 7
1771667783309 0.3195 8
1771667785017 0.3388 9
1771667786747 0.4713 10
1771667788470 0.53587 11
1771667790208 0.53914 12
1771667791932 0.47003 13
1771667793663 0.57071 14
1771667795366 0.52458 15
1771667797114 0.63167 16
1771667798833 0.56029 17
1771667800567 0.41789 18
1771667802280 0.44515 19
1771667804003 0.45733 20
1771667805716 0.35791 21
1771667807429 0.56317 22
1771667809144 0.57178 23
1771667810869 0.52644 24
1771667812602 0.60814 25
1771667814323 0.67212 26
1771667816040 0.64668 27
1771667817751 0.66035 28
1771667819501 0.66983 29
1771667821218 0.66341 30
1771667822927 0.65455 31
1771667824649 0.65406 32
1771667826361 0.64639 33
1771667828060 0.66818 34
1771667829796 0.70279 35
1771667831522 0.68411 36
1771667833249 0.71519 37
1771667834993 0.75831 38
1771667836704 0.74238 39
1771667838409 0.74366 40
1771667840123 0.72643 41
1771667841832 0.7203 42
1771667843554 0.76354 43
1771667845267 0.74978 44
1771667846973 0.75063 45
1771667848684 0.67024 46
1771667850398 0.65419 47
1771667852105 0.72466 48
1771667853810 0.72779 49
1771667855520 0.6942 50
1771667857229 0.67869 51
1771667858933 0.67658 52
1771667860641 0.67191 53
1771667862349 0.70079 54
1771667864060 0.75486 55
1771667865761 0.74545 56
1771667867475 0.71468 57
1771667869185 0.71844 58
1771667870892 0.69396 59
1771667872600 0.70255 60
1771667874306 0.70554 61
1771667876012 0.71696 62
1771667877727 0.69337 63
1771667879316 0.7608011512503279 63
