1771667769026 0.00641 0
1771667771091 0.00667 1
1771667772836 0.00654 2
1771667774574 0.9097 3
1771667776328 0.95797 4
1771667778105 0.86878 5
1771667779863 0.78549 6
1771667781592 0.52126 7
1771667783309 0.65489 8
1771667785017 0.65743 9
1771667786747 0.67176 10
1771667788470 0.7847 11
1771667790208 0.88574 12
1771667791932 0.8776 13
1771667793663 0.86126 14
1771667795366 0.79412 15
1771667797114 0.91653 16
1771667798833 0.97739 17
1771667800567 0.81351 18
1771667802280 0.81782 19
1771667804003 0.79211 20
1771667805716 0.81956 21
1771667807429 0.87879 22
1771667809144 0.79898 23
1771667810869 0.87243 24
1771667812602 0.87635 25
1771667814323 0.8867 26
1771667816040 0.89903 27
1771667817751 0.96063 28
1771667819501 0.9167 29
1771667821218 0.96759 30
1771667822927 0.94036 31
1771667824649 0.94241 32
1771667826361 0.92869 33
1771667828060 0.97669 34
1771667829796 0.85467 35
1771667831522 0.93925 36
1771667833249 0.94176 37
1771667834993 0.9441 38
1771667836704 0.95699 39
1771667838409 0.97762 40
1771667840123 0.97951 41
1771667841832 0.94115 42
1771667843554 0.96078 43
1771667845267 0.94214 44
1771667846973 0.9599 45
1771667848684 0.95835 46
1771667850398 0.9399 47
1771667852105 0.98028 48
1771667853810 0.97479 49
1771667855520 0.95471 50
1771667857229 0.909 51
1771667858933 0.95756 52
1771667860641 0.93629 53
1771667862349 0.91964 54
1771667864060 0.93965 55
1771667865761 0.96185 56
1771667867475 0.89258 57
1771667869185 0.89242 58
1771667870892 0.90227 59
1771667872600 0.89004 60
1771667874306 0.9394 61
1771667876012 0.92049 62
1771667877727 0.87456 63
1771667879316 0.9607770022185621 63
