1771667769026 0.96154 0
1771667771091 1.0 1
1771667772836 0.98077 2
1771667774574 0.58134 3
1771667776328 0.4385 4
1771667778105 0.38206 5
1771667779863 0.46154 6
1771667781592 0.32692 7
1771667783309 0.5 8
1771667785017 0.66438 9
1771667786747 0.78846 10
1771667788470 0.76923 11
1771667790208 0.78846 12
1771667791932 0.76923 13
1771667793663 0.83575 14
1771667795366 0.81604 15
1771667797114 0.84467 16
1771667798833 0.83129 17
1771667800567 0.78846 18
1771667802280 0.71154 19
1771667804003 0.7328 20
1771667805716 0.67308 21
1771667807429 0.83669 22
1771667809144 0.80769 23
1771667810869 0.78914 24
1771667812602 0.80769 25
1771667814323 0.86538 26
1771667816040 0.82692 27
1771667817751 0.9385 28
1771667819501 0.92308 29
1771667821218 0.94231 30
1771667822927 0.90975 31
1771667824649 0.86538 32
1771667826361 0.88462 33
1771667828060 0.80593 34
1771667829796 0.96154 35
1771667831522 0.92308 36
1771667833249 0.93295 37
1771667834993 0.97443 38
1771667836704 0.96154 39
1771667838409 0.96154 40
1771667840123 0.91927 41
1771667841832 0.92265 42
1771667843554 0.94217 43
1771667845267 0.93952 44
1771667846973 0.9207 45
1771667848684 0.94231 46
1771667850398 0.94231 47
1771667852105 0.95587 48
1771667853810 0.98077 49
1771667855520 0.94231 50
1771667857229 0.96051 51
1771667858933 0.90385 52
1771667860641 0.92308 53
1771667862349 0.88032 54
1771667864060 0.96154 55
1771667865761 0.98077 56
1771667867475 0.9588 57
1771667869185 0.9572 58
1771667870892 0.92308 59
1771667872600 0.92308 60
1771667874306 0.89439 61
1771667876012 0.8906 62
1771667877727 0.93862 63
1771667879316 0.9421284197820511 63
