1771946367492 0.0005489718875502009 0
1771946388794 0.0010937026325301205 1
1771946409121 0.0016274311775100402 2
1771946429247 0.0016174900999999999 3
1771946449388 0.0016009868 4
1771946469646 0.0015844835000000002 5
1771946489686 0.0015679802000000001 6
1771946509593 0.0015514769 7
1771946529380 0.0015349736000000002 8
1771946549370 0.0015184703000000002 9
1771946569502 0.001501967 10
1771946589575 0.0014854637 11
1771946609679 0.0014689604 12
1771946629425 0.0014524571 13
1771946649502 0.0014359538 14
1771946669421 0.0014194505000000002 15
1771946689363 0.0014029472000000002 16
1771946709087 0.0013864439 17
1771946728858 0.0013699406000000003 18
1771946748591 0.0013534373000000002 19
1771946768454 0.0013369340000000001 20
1771946788265 0.0013204307 21
1771946808283 0.0013039274 22
1771946828230 0.0012874241 23
1771946848023 0.0012709208 24
1771946867645 0.0012544175 25
1771946887424 0.0012379142000000002 26
1771946907069 0.0012214109000000001 27
1771946926848 0.0012049076 28
1771946946633 0.0011884043 29
1771946966484 0.001171901 30
1771946986329 0.0011553976999999999 31
1771947005955 0.0011388944 32
1771947025642 0.0011223911 33
1771947045379 0.0011058878 34
1771947065198 0.0010893845 35
1771947085018 0.0010728812000000002 36
1771947105013 0.0010563779000000001 37
1771947124727 0.0010398746 38
1771947145125 0.0010233713 39
1771947165621 0.001006868 40
1771947186170 0.0009903647000000001 41
1771947206523 0.0009738614000000002 42
1771947227010 0.0009573581000000001 43
1771947247637 0.0009408548 44
1771947268077 0.0009243515000000001 45
1771947288520 0.0009078482000000002 46
1771947309266 0.0008913449000000002 47
1771947329906 0.0008748416000000001 48
1771947350434 0.0008583383 49
1771947371030 0.0008418350000000001 50
1771947391417 0.0008253317 51
1771947411605 0.0008088284 52
1771947431962 0.0007923251 53
1771947452271 0.0007758218 54
1771947472714 0.0007593185 55
1771947492568 0.0007428151999999999 56
1771947512398 0.0007263119000000001 57
1771947532344 0.0007098086000000001 58
1771947551984 0.0006933053000000001 59
1771947571311 0.0006768020000000001 60
1771947590592 0.0006602987 61
1771947609906 0.0006437954 62
1771947629257 0.0006272921 63
1771947648573 0.0006107888000000001 64
1771947667880 0.0005942855 65
1771947687287 0.0005777822 66
1771947706614 0.0005612788999999999 67
1771947725893 0.0005447756 68
1771947745180 0.0005282723000000001 69
1771947764520 0.0005117690000000001 70
1771947783832 0.0004952657000000001 71
1771947803125 0.00047876240000000006 72
1771947822407 0.0004622591000000001 73
1771947841730 0.00044575580000000005 74
1771947861046 0.00042925250000000004 75
1771947880310 0.0004127492 76
1771947899595 0.0003962459 77
1771947918971 0.00037974259999999996 78
1771947938275 0.0003632393 79
1771947957551 0.00034673599999999994 80
1771947976791 0.00033023269999999993 81
1771947996043 0.00031372940000000014 82
1771948015308 0.0002972261000000001 83
1771948034565 0.00028072280000000007 84
1771948053817 0.00026421950000000006 85
1771948073073 0.00024771620000000005 86
1771948092498 0.00023121290000000004 87
1771948111932 0.0002147096 88
1771948131423 0.00019820629999999997 89
1771948151114 0.00018170299999999996 90
1771948170495 0.00016519969999999996 91
1771948189779 0.00014869639999999995 92
1771948209073 0.0001321930999999999 93
1771948228379 0.00011568980000000008 94
1771948247650 9.918650000000008e-05 95
1771948266909 8.268320000000008e-05 96
1771948286181 6.617990000000005e-05 97
1771948305444 4.967660000000004e-05 98
1771948324744 3.3173300000000017e-05 99
