1771666988619 0.91072 0
1771666990949 0.8068 1
1771666992701 0.8278 2
1771666994480 0.88285 3
1771666996190 0.90658 4
1771666997884 0.95363 5
1771666999593 0.92833 6
1771667001291 0.8881 7
1771667003007 0.86171 8
1771667004731 0.84099 9
1771667006471 0.91449 10
1771667008201 0.8792 11
1771667009934 0.90299 12
1771667011638 0.92486 13
1771667013343 0.92986 14
1771667015053 0.89978 15
1771667016792 0.88387 16
1771667018562 0.87777 17
1771667020282 0.87465 18
1771667022021 0.84763 19
1771667023745 0.86409 20
1771667025452 0.91057 21
1771667027192 0.88968 22
1771667028920 0.79868 23
1771667030620 0.85611 24
1771667032334 0.82814 25
1771667034053 0.77619 26
1771667035764 0.79744 27
1771667037491 0.76691 28
1771667039194 0.76523 29
1771667040928 0.71821 30
1771667042642 0.75522 31
1771667044379 0.71094 32
1771667046089 0.74206 33
1771667047794 0.7106 34
1771667049489 0.78861 35
1771667051172 0.73296 36
1771667052866 0.71461 37
1771667054553 0.75252 38
1771667056245 0.70759 39
1771667057935 0.71889 40
1771667059630 0.68449 41
1771667061327 0.67127 42
1771667063031 0.64551 43
1771667064725 0.70612 44
1771667066425 0.67493 45
1771667068119 0.67498 46
1771667069816 0.68631 47
1771667071508 0.66978 48
1771667073201 0.63602 49
1771667074892 0.63829 50
1771667076635 0.62609 51
1771667078414 0.6587 52
1771667080178 0.62474 53
1771667081915 0.6323 54
1771667083641 0.65853 55
1771667085368 0.6654 56
1771667087138 0.65871 57
1771667088877 0.6364 58
1771667090590 0.61855 59
1771667092300 0.65233 60
1771667094013 0.62939 61
1771667095749 0.6004 62
1771667097469 0.60808 63
1771667099203 0.60088 64
1771667100942 0.59099 65
1771667102664 0.54775 66
1771667104378 0.59824 67
1771667106100 0.58942 68
1771667107820 0.55314 69
1771667109547 0.55001 70
1771667111285 0.59588 71
1771667113013 0.59953 72
1771667114727 0.5994 73
1771667116450 0.59171 74
1771667118152 0.55444 75
1771667119887 0.57375 76
1771667121637 0.56528 77
1771667123384 0.55859 78
1771667125131 0.53564 79
1771667126900 0.57313 80
1771667128639 0.54626 81
1771667130368 0.58176 82
1771667132094 0.5378 83
1771667133829 0.5061 84
1771667135603 0.51808 85
1771667137336 0.5018 86
1771667139082 0.54291 87
1771667140821 0.50384 88
1771667142567 0.50952 89
1771667144649 0.3761 90
1771667146424 0.34298 91
1771667148133 0.34263 92
1771667149834 0.33216 93
1771667151572 0.3178 94
1771667153286 0.3403 95
1771667155017 0.34569 96
1771667156726 0.3448 97
1771667158447 0.35234 98
1771667160172 0.33811 99
