1771666988619 2.44014 0
1771666990949 2.03156 1
1771666992701 1.60563 2
1771666994480 1.37635 3
1771666996190 1.23291 4
1771666997884 1.1826 5
1771666999593 1.10193 6
1771667001291 1.01535 7
1771667003007 1.01095 8
1771667004731 0.96581 9
1771667006471 1.07042 10
1771667008201 0.9978 11
1771667009934 0.95165 12
1771667011638 0.97616 13
1771667013343 0.93423 14
1771667015053 0.90978 15
1771667016792 0.89261 16
1771667018562 0.90876 17
1771667020282 0.85534 18
1771667022021 0.86184 19
1771667023745 0.84896 20
1771667025452 0.93203 21
1771667027192 0.86856 22
1771667028920 0.80996 23
1771667030620 0.79063 24
1771667032334 0.78194 25
1771667034053 0.73577 26
1771667035764 0.75672 27
1771667037491 0.71097 28
1771667039194 0.69497 29
1771667040928 0.69477 30
1771667042642 0.70232 31
1771667044379 0.66332 32
1771667046089 0.68703 33
1771667047794 0.66621 34
1771667049489 0.69405 35
1771667051172 0.6364 36
1771667052866 0.64011 37
1771667054553 0.67289 38
1771667056245 0.6474 39
1771667057935 0.66985 40
1771667059630 0.6339 41
1771667061327 0.62731 42
1771667063031 0.59611 43
1771667064725 0.61004 44
1771667066425 0.60521 45
1771667068119 0.61794 46
1771667069816 0.61394 47
1771667071508 0.61687 48
1771667073201 0.58823 49
1771667074892 0.58211 50
1771667076635 0.5572 51
1771667078414 0.57743 52
1771667080178 0.56642 53
1771667081915 0.55975 54
1771667083641 0.59567 55
1771667085368 0.57494 56
1771667087138 0.57587 57
1771667088877 0.57499 58
1771667090590 0.53631 59
1771667092300 0.55816 60
1771667094013 0.52793 61
1771667095749 0.51843 62
1771667097469 0.54228 63
1771667099203 0.52063 64
1771667100942 0.49454 65
1771667102664 0.48974 66
1771667104378 0.53272 67
1771667106100 0.50294 68
1771667107820 0.469 69
1771667109547 0.48226 70
1771667111285 0.49511 71
1771667113013 0.49762 72
1771667114727 0.49097 73
1771667116450 0.49642 74
1771667118152 0.48532 75
1771667119887 0.49074 76
1771667121637 0.45931 77
1771667123384 0.45951 78
1771667125131 0.44739 79
1771667126900 0.46925 80
1771667128639 0.46166 81
1771667130368 0.48672 82
1771667132094 0.46648 83
1771667133829 0.43582 84
1771667135603 0.44624 85
1771667137336 0.44223 86
1771667139082 0.4651 87
1771667140821 0.44093 88
1771667142567 0.45106 89
1771667144649 0.45097 90
1771667146424 0.37558 91
1771667148133 0.35589 92
1771667149834 0.37267 93
1771667151572 0.33694 94
1771667153286 0.35078 95
1771667155017 0.33823 96
1771667156726 0.33503 97
1771667158447 0.33788 98
1771667160172 0.32051 99
