1771666988619 1.1249 0
1771666990949 1.06966 1
1771666992701 1.0927 2
1771666994480 1.12888 3
1771666996190 1.13436 4
1771666997884 1.15006 5
1771666999593 1.11108 6
1771667001291 1.09436 7
1771667003007 1.08255 8
1771667004731 1.08408 9
1771667006471 1.1341 10
1771667008201 1.09489 11
1771667009934 1.1009 12
1771667011638 1.11699 13
1771667013343 1.09751 14
1771667015053 1.08186 15
1771667016792 1.07827 16
1771667018562 1.09839 17
1771667020282 1.08249 18
1771667022021 1.08756 19
1771667023745 1.08181 20
1771667025452 1.11541 21
1771667027192 1.10831 22
1771667028920 1.03811 23
1771667030620 1.09001 24
1771667032334 1.03727 25
1771667034053 1.03634 26
1771667035764 1.0403 27
1771667037491 1.04878 28
1771667039194 1.01716 29
1771667040928 0.99185 30
1771667042642 1.02385 31
1771667044379 1.01128 32
1771667046089 1.01026 33
1771667047794 1.02037 34
1771667049489 1.02982 35
1771667051172 1.03005 36
1771667052866 1.00676 37
1771667054553 1.02346 38
1771667056245 1.00942 39
1771667057935 1.02308 40
1771667059630 1.01583 41
1771667061327 1.00896 42
1771667063031 0.99411 43
1771667064725 1.00503 44
1771667066425 0.98883 45
1771667068119 0.99157 46
1771667069816 1.00984 47
1771667071508 1.00299 48
1771667073201 0.9813 49
1771667074892 0.98746 50
1771667076635 0.9582 51
1771667078414 0.97988 52
1771667080178 0.97188 53
1771667081915 0.97467 54
1771667083641 0.97895 55
1771667085368 1.00261 56
1771667087138 0.96115 57
1771667088877 0.99283 58
1771667090590 0.9804 59
1771667092300 0.99422 60
1771667094013 0.96182 61
1771667095749 0.96301 62
1771667097469 0.99032 63
1771667099203 0.96511 64
1771667100942 0.96596 65
1771667102664 0.9504 66
1771667104378 0.96281 67
1771667106100 0.96208 68
1771667107820 0.94409 69
1771667109547 0.94345 70
1771667111285 0.95872 71
1771667113013 0.96887 72
1771667114727 0.97325 73
1771667116450 0.98062 74
1771667118152 0.95283 75
1771667119887 0.95903 76
1771667121637 0.97853 77
1771667123384 0.94155 78
1771667125131 0.93261 79
1771667126900 0.97425 80
1771667128639 0.96518 81
1771667130368 0.95641 82
1771667132094 0.94366 83
1771667133829 0.92897 84
1771667135603 0.93061 85
1771667137336 0.93221 86
1771667139082 0.95933 87
1771667140821 0.93189 88
1771667142567 0.93618 89
1771667144649 0.85579 90
1771667146424 0.85464 91
1771667148133 0.85091 92
1771667149834 0.85462 93
1771667151572 0.83485 94
1771667153286 0.8539 95
1771667155017 0.83684 96
1771667156726 0.84446 97
1771667158447 0.84902 98
1771667160172 0.84704 99
