1771768341803 0.0005505216049382717 0
1771768363949 0.0010924991917438272 1
1771768385426 0.0016207240285493827 2
1771768406886 0.0016051126250000002 3
1771768428228 0.0015844835000000002 4
1771768449539 0.001563854375 5
1771768471234 0.0015432252500000002 6
1771768492599 0.001522596125 7
1771768514062 0.001501967 8
1771768535723 0.001481337875 9
1771768557265 0.00146070875 10
1771768578559 0.0014400796250000002 11
1771768599881 0.0014194505000000002 12
1771768621203 0.001398821375 13
1771768642671 0.00137819225 14
1771768664016 0.001357563125 15
1771768685676 0.0013369340000000001 16
1771768707704 0.001316304875 17
1771768729112 0.00129567575 18
1771768750373 0.001275046625 19
1771768771738 0.0012544175 20
1771768793092 0.001233788375 21
1771768814409 0.00121315925 22
1771768835774 0.001192530125 23
1771768857039 0.001171901 24
1771768878296 0.0011512718750000001 25
1771768899640 0.00113064275 26
1771768920874 0.001110013625 27
1771768942457 0.0010893845 28
1771768963682 0.001068755375 29
1771768984912 0.00104812625 30
1771769006175 0.001027497125 31
1771769027383 0.001006868 32
1771769048613 0.0009862388750000001 33
1771769069851 0.0009656097499999999 34
1771769091143 0.0009449806250000001 35
1771769112390 0.0009243515000000001 36
1771769133581 0.0009037223749999999 37
1771769154943 0.0008830932500000001 38
1771769176195 0.0008624641249999999 39
1771769197438 0.0008418350000000001 40
1771769218618 0.0008212058750000001 41
1771769239828 0.00080057675 42
1771769261021 0.0007799476250000001 43
1771769282247 0.0007593185 44
1771769303474 0.000738689375 45
1771769324651 0.00071806025 46
1771769345872 0.000697431125 47
1771769367123 0.0006768020000000001 48
1771769388333 0.000656172875 49
1771769409561 0.00063554375 50
1771769430745 0.0006149146250000001 51
1771769452005 0.0005942855 52
1771769473240 0.0005736563750000001 53
1771769494388 0.00055302725 54
1771769515717 0.000532398125 55
1771769536986 0.0005117690000000001 56
1771769558184 0.000491139875 57
1771769579382 0.00047051075000000003 58
1771769600569 0.000449881625 59
1771769621764 0.00042925250000000004 60
1771769642973 0.00040862337500000007 61
1771769664183 0.00038799425 62
1771769685338 0.000367365125 63
1771769706566 0.00034673599999999994 64
1771769727760 0.000326106875 65
1771769748955 0.0003054777500000001 66
1771769770172 0.00028484862500000003 67
1771769791377 0.00026421950000000006 68
1771769812638 0.00024359037499999998 69
1771769833886 0.00022296125 70
1771769854811 0.00020233212500000007 71
1771769875681 0.00018170299999999996 72
1771769896510 0.00016107387500000002 73
1771769917369 0.00014044474999999992 74
1771769938214 0.000119815625 75
1771769959056 9.918650000000008e-05 76
1771769979924 7.855737499999997e-05 77
1771770000778 5.792825000000004e-05 78
1771770021627 3.729912499999993e-05 79
