1772026363416 0.0005489718875502009 0
1772026386810 0.001099170593373494 1
1772026407932 0.0016438681991967873 2
1772026428798 0.00164224505 3
1772026449674 0.0016339934 4
1772026470074 0.00162574175 5
1772026490425 0.0016174900999999999 6
1772026511027 0.00160923845 7
1772026531648 0.0016009868 8
1772026552149 0.00159273515 9
1772026572693 0.0015844835000000002 10
1772026593492 0.00157623185 11
1772026613807 0.0015679802000000001 12
1772026634091 0.0015597285500000002 13
1772026654385 0.0015514769 14
1772026674841 0.0015432252500000002 15
1772026695222 0.0015349736000000002 16
1772026715689 0.00152672195 17
1772026735943 0.0015184703000000002 18
1772026756313 0.00151021865 19
1772026776741 0.001501967 20
1772026797067 0.0014937153500000002 21
1772026817321 0.0014854637 22
1772026837572 0.0014772120500000001 23
1772026857858 0.0014689604 24
1772026878157 0.00146070875 25
1772026898441 0.0014524571 26
1772026918761 0.00144420545 27
1772026938994 0.0014359538 28
1772026959263 0.00142770215 29
1772026979574 0.0014194505000000002 30
1772027000065 0.00141119885 31
1772027020405 0.0014029472000000002 32
1772027041343 0.00139469555 33
1772027062374 0.0013864439 34
1772027083371 0.00137819225 35
1772027104525 0.0013699406000000003 36
1772027125802 0.0013616889500000001 37
1772027146885 0.0013534373000000002 38
1772027167978 0.00134518565 39
1772027189098 0.0013369340000000001 40
1772027210235 0.0013286823500000002 41
1772027231366 0.0013204307 42
1772027252079 0.0013121790500000001 43
1772027272526 0.0013039274 44
1772027292975 0.00129567575 45
1772027313516 0.0012874241 46
1772027334012 0.00127917245 47
1772027354479 0.0012709208 48
1772027374921 0.00126266915 49
1772027395418 0.0012544175 50
1772027415936 0.00124616585 51
1772027436212 0.0012379142000000002 52
1772027456480 0.00122966255 53
1772027476757 0.0012214109000000001 54
1772027497012 0.00121315925 55
1772027517358 0.0012049076 56
1772027537810 0.0011966559500000001 57
1772027558240 0.0011884043 58
1772027578656 0.0011801526500000003 59
1772027599073 0.001171901 60
1772027619607 0.0011636493500000002 61
1772027640756 0.0011553976999999999 62
1772027662000 0.0011471460500000002 63
1772027682956 0.0011388944 64
1772027703512 0.00113064275 65
1772027724022 0.0011223911 66
1772027744655 0.00111413945 67
1772027765294 0.0011058878 68
1772027785960 0.00109763615 69
1772027806548 0.0010893845 70
1772027827236 0.0010811328500000001 71
1772027847903 0.0010728812000000002 72
1772027868495 0.00106462955 73
1772027889100 0.0010563779000000001 74
1772027909587 0.00104812625 75
1772027930174 0.0010398746 76
1772027950744 0.0010316229500000002 77
1772027971603 0.0010233713 78
1772027992250 0.00101511965 79
1772028012789 0.001006868 80
1772028033293 0.00099861635 81
1772028053785 0.0009903647000000001 82
1772028074432 0.00098211305 83
1772028095723 0.0009738614000000002 84
1772028116827 0.0009656097499999999 85
1772028138044 0.0009573581000000001 86
1772028159309 0.0009491064499999998 87
1772028180425 0.0009408548 88
1772028201386 0.0009326031499999999 89
1772028222169 0.0009243515000000001 90
1772028242812 0.00091609985 91
1772028263275 0.0009078482000000002 92
1772028283689 0.00089959655 93
1772028304124 0.0008913449000000002 94
1772028324500 0.0008830932500000001 95
1772028344997 0.0008748416000000001 96
1772028365550 0.0008665899500000001 97
1772028386040 0.0008583383 98
1772028406615 0.00085008665 99
1772028426972 0.0008418350000000001 100
1772028447257 0.0008335833500000001 101
1772028467541 0.0008253317 102
1772028487892 0.00081708005 103
1772028508457 0.0008088284 104
1772028528974 0.00080057675 105
1772028549526 0.0007923251 106
1772028570054 0.00078407345 107
1772028590529 0.0007758218 108
1772028611039 0.00076757015 109
1772028631474 0.0007593185 110
1772028651876 0.00075106685 111
1772028672432 0.0007428151999999999 112
1772028693007 0.0007345635500000001 113
1772028713571 0.0007263119000000001 114
1772028734210 0.00071806025 115
1772028754828 0.0007098086000000001 116
1772028775657 0.0007015569500000001 117
1772028796298 0.0006933053000000001 118
1772028816801 0.0006850536500000001 119
1772028837563 0.0006768020000000001 120
1772028858035 0.0006685503500000001 121
1772028878603 0.0006602987 122
1772028898935 0.00065204705 123
1772028919199 0.0006437954 124
1772028939460 0.00063554375 125
1772028959730 0.0006272921 126
1772028980000 0.00061904045 127
1772029000312 0.0006107888000000001 128
1772029020910 0.00060253715 129
1772029041422 0.0005942855 130
1772029062165 0.00058603385 131
1772029082890 0.0005777822 132
1772029103423 0.0005695305499999999 133
1772029124063 0.0005612788999999999 134
1772029144573 0.00055302725 135
1772029164882 0.0005447756 136
1772029185304 0.00053652395 137
1772029205721 0.0005282723000000001 138
1772029226028 0.0005200206500000002 139
1772029246267 0.0005117690000000001 140
1772029266696 0.0005035173500000001 141
1772029287201 0.0004952657000000001 142
1772029307814 0.00048701405000000004 143
1772029328249 0.00047876240000000006 144
1772029348798 0.00047051075000000003 145
1772029369343 0.0004622591000000001 146
1772029389716 0.0004540074500000001 147
1772029409992 0.00044575580000000005 148
1772029430282 0.00043750415000000007 149
1772029450804 0.00042925250000000004 150
1772029471299 0.00042100085 151
1772029491524 0.0004127492 152
1772029511773 0.00040449755000000005 153
1772029532022 0.0003962459 154
1772029552290 0.00038799425 155
1772029572526 0.00037974259999999996 156
1772029592804 0.00037149095 157
1772029613138 0.0003632393 158
1772029633402 0.00035498764999999997 159
1772029653594 0.00034673599999999994 160
1772029673844 0.00033848434999999996 161
1772029694368 0.00033023269999999993 162
1772029714960 0.0003219810500000001 163
1772029735391 0.00031372940000000014 164
1772029755838 0.0003054777500000001 165
1772029776329 0.0002972261000000001 166
1772029796816 0.00028897445000000005 167
1772029817305 0.00028072280000000007 168
1772029837763 0.0002724711500000001 169
1772029858200 0.00026421950000000006 170
1772029878682 0.00025596785000000003 171
1772029899154 0.00024771620000000005 172
1772029919643 0.00023946455000000005 173
1772029940180 0.00023121290000000004 174
1772029960599 0.00022296125 175
1772029981252 0.0002147096 176
1772030001872 0.00020645794999999998 177
1772030022259 0.00019820629999999997 178
1772030043052 0.00018995464999999997 179
1772030063586 0.00018170299999999996 180
1772030084273 0.00017345134999999993 181
1772030105070 0.00016519969999999996 182
1772030125567 0.00015694804999999992 183
1772030146207 0.00014869639999999995 184
1772030167341 0.00014044474999999992 185
1772030188381 0.0001321930999999999 186
1772030209470 0.0001239414499999999 187
1772030230548 0.00011568980000000008 188
1772030251619 0.00010743815000000009 189
1772030273403 9.918650000000008e-05 190
1772030294504 9.093485000000008e-05 191
1772030315296 8.268320000000008e-05 192
1772030335816 7.443155000000006e-05 193
1772030356268 6.617990000000005e-05 194
1772030376709 5.792825000000004e-05 195
1772030397272 4.967660000000004e-05 196
1772030417888 4.142495000000002e-05 197
1772030438483 3.3173300000000017e-05 198
1772030458976 2.492165000000001e-05 199
