1771667768771 1.35345 0
1771667770807 0.99958 1
1771667772586 1.04271 2
1771667774323 1.00576 3
1771667776077 1.04472 4
1771667777821 1.04059 5
1771667779607 1.08103 6
1771667781342 1.01322 7
1771667783059 1.02768 8
1771667784766 0.99868 9
1771667786498 1.02074 10
1771667788208 1.04206 11
1771667789928 1.03155 12
1771667791671 1.013 13
1771667793388 1.04074 14
1771667795117 1.01859 15
1771667796831 0.98408 16
1771667798574 0.95497 17
1771667800302 0.92955 18
1771667802028 0.95223 19
1771667803743 0.95681 20
1771667805465 1.00099 21
1771667807180 0.97269 22
1771667808894 0.90873 23
1771667810609 0.93127 24
1771667812335 0.96705 25
1771667814067 0.91446 26
1771667815792 0.87056 27
1771667817504 0.89728 28
1771667819208 0.8656 29
1771667820971 0.85988 30
1771667822682 0.85982 31
1771667824397 0.7878 32
1771667826114 0.85522 33
1771667827816 0.82181 34
1771667829525 0.84597 35
1771667831266 0.79491 36
1771667832983 0.81354 37
1771667834719 0.8139 38
1771667836456 0.77816 39
1771667838163 0.8251 40
1771667839875 0.77512 41
1771667841585 0.76424 42
1771667843297 0.73863 43
1771667845020 0.76719 44
1771667846729 0.77458 45
1771667848437 0.7689 46
1771667850147 0.79627 47
1771667851860 0.76958 48
1771667853562 0.77624 49
1771667855273 0.74145 50
1771667856983 0.70177 51
1771667858686 0.7315 52
1771667860394 0.74033 53
1771667862102 0.74067 54
1771667863814 0.73872 55
1771667865513 0.73404 56
1771667867229 0.73484 57
1771667868939 0.73319 58
1771667870645 0.68979 59
1771667872352 0.76291 60
1771667874061 0.69533 61
1771667875765 0.68128 62
1771667877478 0.70491 63
