1771667768771 2.61007 0
1771667770807 2.10308 1
1771667772586 1.7087 2
1771667774323 1.45909 3
1771667776077 1.30289 4
1771667777821 1.25907 5
1771667779607 1.20641 6
1771667781342 1.1158 7
1771667783059 1.10164 8
1771667784766 1.06642 9
1771667786498 1.13056 10
1771667788208 1.08652 11
1771667789928 1.02512 12
1771667791671 1.04198 13
1771667793388 0.98976 14
1771667795117 1.02866 15
1771667796831 0.92781 16
1771667798574 0.94406 17
1771667800302 0.87996 18
1771667802028 0.89746 19
1771667803743 0.87885 20
1771667805465 0.95938 21
1771667807180 0.95415 22
1771667808894 0.86838 23
1771667810609 0.88627 24
1771667812335 0.87201 25
1771667814067 0.81657 26
1771667815792 0.78885 27
1771667817504 0.76197 28
1771667819208 0.7403 29
1771667820971 0.77335 30
1771667822682 0.73497 31
1771667824397 0.71945 32
1771667826114 0.73516 33
1771667827816 0.71931 34
1771667829525 0.74167 35
1771667831266 0.69603 36
1771667832983 0.68861 37
1771667834719 0.70518 38
1771667836456 0.69176 39
1771667838163 0.69055 40
1771667839875 0.67853 41
1771667841585 0.66855 42
1771667843297 0.64019 43
1771667845020 0.63565 44
1771667846729 0.65188 45
1771667848437 0.6602 46
1771667850147 0.67622 47
1771667851860 0.65694 48
1771667853562 0.6347 49
1771667855273 0.63088 50
1771667856983 0.59061 51
1771667858686 0.62184 52
1771667860394 0.62056 53
1771667862102 0.60649 54
1771667863814 0.629 55
1771667865513 0.61873 56
1771667867229 0.62303 57
1771667868939 0.61735 58
1771667870645 0.56317 59
1771667872352 0.60239 60
1771667874061 0.54404 61
1771667875765 0.53925 62
1771667877478 0.57864 63
