1771667768771 1.41921 0
1771667770807 1.14661 1
1771667772586 1.21046 2
1771667774323 1.20301 3
1771667776077 1.1932 4
1771667777821 1.20367 5
1771667779607 1.20004 6
1771667781342 1.144 7
1771667783059 1.13963 8
1771667784766 1.15938 9
1771667786498 1.185 10
1771667788208 1.17578 11
1771667789928 1.15765 12
1771667791671 1.16335 13
1771667793388 1.14849 14
1771667795117 1.13838 15
1771667796831 1.13108 16
1771667798574 1.13464 17
1771667800302 1.10154 18
1771667802028 1.11792 19
1771667803743 1.11066 20
1771667805465 1.15231 21
1771667807180 1.14384 22
1771667808894 1.0851 23
1771667810609 1.15594 24
1771667812335 1.11194 25
1771667814067 1.10251 26
1771667815792 1.07955 27
1771667817504 1.10551 28
1771667819208 1.0595 29
1771667820971 1.05372 30
1771667822682 1.04736 31
1771667824397 1.0399 32
1771667826114 1.04859 33
1771667827816 1.05892 34
1771667829525 1.05272 35
1771667831266 1.03922 36
1771667832983 1.03177 37
1771667834719 1.03728 38
1771667836456 1.02395 39
1771667838163 1.05527 40
1771667839875 1.04904 41
1771667841585 1.04291 42
1771667843297 1.01552 43
1771667845020 1.03398 44
1771667846729 1.02751 45
1771667848437 1.01814 46
1771667850147 1.03995 47
1771667851860 1.02951 48
1771667853562 1.03759 49
1771667855273 1.01133 50
1771667856983 0.98799 51
1771667858686 1.00869 52
1771667860394 1.01145 53
1771667862102 1.01755 54
1771667863814 1.00814 55
1771667865513 1.02431 56
1771667867229 1.00405 57
1771667868939 1.02835 58
1771667870645 1.00522 59
1771667872352 1.03529 60
1771667874061 0.98733 61
1771667875765 0.99138 62
1771667877478 1.02464 63
