1771667926333 0.00014000000000000001 0
1771667928366 0.00029703 1
1771667930137 0.000450892 2
1771667931912 0.000601586 3
1771667933673 0.000749112 4
1771667935426 0.0008934700000000002 5
1771667937165 0.00103466 6
1771667938915 0.0011726820000000002 7
1771667940654 0.001307536 8
1771667942366 0.001439222 9
1771667944110 0.00156774 10
1771667945832 0.00169309 11
1771667947554 0.0017624 12
1771667949296 0.0017426 13
1771667951057 0.0017228 14
1771667952884 0.001703 15
1771667954676 0.0016832000000000001 16
1771667956456 0.0016634 17
1771667958235 0.0016436000000000003 18
1771667959972 0.0016238000000000001 19
1771667961701 0.0016040000000000002 20
1771667963430 0.0015842 21
1771667965205 0.0015644 22
1771667966993 0.0015446 23
1771667968786 0.0015248 24
1771667970563 0.0015049999999999998 25
1771667972346 0.0014852 26
1771667974130 0.0014654000000000002 27
1771667975926 0.0014456 28
1771667977664 0.0014258 29
1771667979485 0.001406 30
1771667981275 0.0013862 31
1771667983014 0.0013663999999999998 32
1771667984755 0.0013465999999999999 33
1771667986512 0.0013267999999999997 34
1771667988261 0.001307 35
1771667990051 0.0012872 36
1771667991797 0.0012674000000000001 37
1771667993546 0.0012476 38
1771667995279 0.0012278 39
1771667997040 0.001208 40
1771667998769 0.0011882000000000002 41
1771668000503 0.0011684000000000002 42
1771668002229 0.0011486 43
1771668003952 0.0011288000000000001 44
1771668005695 0.001109 45
1771668007518 0.0010892000000000002 46
1771668009306 0.0010694 47
1771668011046 0.0010496000000000001 48
1771668012815 0.0010298 49
1771668014548 0.00101 50
1771668016316 0.0009901999999999999 51
1771668018065 0.0009704 52
1771668020227 0.0009506 53
1771668021981 0.0009308 54
1771668023775 0.0009109999999999999 55
1771668025536 0.0008911999999999999 56
1771668027319 0.0008714 57
1771668029097 0.0008516000000000001 58
1771668030847 0.0008318000000000002 59
1771668032589 0.0008120000000000001 60
1771668034306 0.0007922000000000001 61
1771668036036 0.0007724 62
1771668037773 0.0007526000000000001 63
1771668039531 0.0007328 64
1771668041275 0.000713 65
1771668043062 0.0006931999999999999 66
1771668044855 0.0006733999999999999 67
1771668046734 0.0006536 68
1771668048532 0.0006338000000000001 69
1771668050359 0.0006140000000000001 70
1771668052121 0.0005942 71
1771668053942 0.0005744000000000001 72
1771668055725 0.0005546000000000001 73
1771668057469 0.0005348000000000001 74
1771668059233 0.000515 75
1771668061041 0.0004952 76
1771668062788 0.0004754 77
1771668064549 0.00045559999999999996 78
1771668066344 0.00043579999999999997 79
1771668068123 0.0004159999999999999 80
1771668069891 0.00039619999999999987 81
1771668071674 0.00037640000000000015 82
1771668073480 0.0003566000000000001 83
1771668075256 0.0003368000000000001 84
1771668077009 0.00031700000000000006 85
1771668078765 0.0002972 86
1771668080532 0.0002774 87
1771668082310 0.00025760000000000003 88
1771668084071 0.00023779999999999995 89
1771668086195 0.00021799999999999996 90
1771668087987 0.00019819999999999994 91
1771668089720 0.00017839999999999992 92
1771668091449 0.00015859999999999987 93
1771668093187 0.0001388000000000001 94
1771668094947 0.0001190000000000001 95
1771668096684 9.920000000000008e-05 96
1771668098423 7.940000000000006e-05 97
1771668100161 5.9600000000000046e-05 98
1771668101912 3.980000000000002e-05 99
